5 0.459375 0.33541666666666664 0.5114583333333333 0.60625 0 0 0 0 0 0 0 0 0 0 0 0 0 0 0 0 0 0
4 0.41354166666666664 0.5020833333333333 0.11041666666666666 0.13333333333333333 0.4076976851851851 0.5543029792746114 2 0.42628435185185176 0.4456142918825561 2 0 0 0 0 0 0 0 0 0 0 0 0
2 0.5416666666666666 0.48333333333333334 0.09895833333333333 0.14270833333333333 0.5169772222222222 0.5279489205526771 2 0.5436099074074074 0.4207299222797927 2 0 0 0 0 0 0 0 0 0 0 0 0
8 0.5541666666666667 0.3489583333333333 0.08645833333333333 0.153125 0.5575976851851852 0.42158743523316056 2 0.5712596296296296 0.2910651986183074 2 0 0 0 0 0 0 0 0 0 0 0 0
10 0.46875 0.35208333333333336 0.17916666666666667 0.159375 0.4360913888888888 0.42191502590673574 2 0.4305837037037037 0.2834354490500864 2 0 0 0 0 0 0 0 0 0 0 0 0
6 0.5145833333333333 0.22083333333333333 0.22708333333333333 0.1625 0.42066768518518516 0.1459963298791019 2 0.6210500925925925 0.15397430915371327 2 0.5915657407407406 0.29108454231433506 2 0.397347037037037 0.2909982728842832 2 0 0 0 0 0 0
3 0.3489583333333333 0.13958333333333334 0.21875 0.04895833333333333 0.2531191666666667 0.15521843696027635 2 0.38173824074074075 0.1281151554404145 2 0 0 0 0 0 0 0 0 0 0 0 0
9 0.33125 0.15520833333333334 0.20833333333333334 0.03229166666666667 0.2603014814814815 0.15849905008635579 2 0.4096450925925926 0.15361558721934368 2 0 0 0 0 0 0 0 0 0 0 0 0
7 0.6041666666666666 0.19166666666666668 0.06041666666666667 0.096875 0.6140892592592593 0.15255539723661485 2 0.6044967592592592 0.23445777202072537 2 0 0 0 0 0 0 0 0 0 0 0 0
1 0.6416666666666667 0.27291666666666664 0.06770833333333333 0.08645833333333333 0.6308241666666666 0.24075967184801378 2 0.6532412962962961 0.3054557858376511 2 0 0 0 0 0 0 0 0 0 0 0 0
0 0.49895833333333334 0.08645833333333333 0.20208333333333334 0.08854166666666667 0.5428952777777778 0.05475742659758203 2 0.4406786111111111 0.060431606217616576 2 0.43953759259259256 0.09437763385146805 2 0.44294425925925923 0.11930129533678756 2 0.5823329629629629 0.11992076856649395 2 0.5827812037037037 0.08855526770293608 2