5 0.534375 0.3854166666666667 0.6145833333333334 0.6583333333333333 0 0 0 0 0 0 0 0 0 0 0 0 0 0 0 0 0 0
4 0.38229166666666664 0.5572916666666666 0.07395833333333333 0.13020833333333334 0.3874444444444444 0.6149998272884283 2 0.3850983333333333 0.49755863557858376 2 0 0 0 0 0 0 0 0 0 0 0 0
10 0.4270833333333333 0.41458333333333336 0.14166666666666666 0.13958333333333334 0.40133675925925927 0.47693281519861824 2 0.419181574074074 0.35183903281519857 2 0 0 0 0 0 0 0 0 0 0 0 0
8 0.5979166666666667 0.4322916666666667 0.128125 0.140625 0.5787932407407408 0.3683509930915371 2 0.629957685185185 0.4917838946459413 2 0 0 0 0 0 0 0 0 0 0 0 0
9 0.40729166666666666 0.25416666666666665 0.08854166666666667 0.11666666666666667 0.43165694444444447 0.20892076856649394 2 0.38560249999999996 0.3069881260794473 2 0 0 0 0 0 0 0 0 0 0 0 0
6 0.5291666666666667 0.27395833333333336 0.25104166666666666 0.19166666666666668 0.4186055555555555 0.2027371761658031 2 0.644599537037037 0.18319054404145077 2 0.624911574074074 0.35003337651122624 2 0.41360916666666664 0.3504932210708117 2 0 0 0 0 0 0
7 0.6583333333333333 0.23541666666666666 0.08541666666666667 0.10416666666666667 0.6333705555555554 0.18736895509499135 2 0.6668575925925925 0.2806053972366148 2 0 0 0 0 0 0 0 0 0 0 0 0
1 0.6583333333333333 0.33229166666666665 0.08229166666666667 0.1 0.6683942592592592 0.28934516407599303 2 0.6523971296296296 0.3779442573402418 2 0 0 0 0 0 0 0 0 0 0 0 0
3 0.3697916666666667 0.34270833333333334 0.08854166666666667 0.09479166666666666 0.3903631481481481 0.3117928756476684 2 0.35109546296296296 0.3793892487046632 2 0 0 0 0 0 0 0 0 0 0 0 0
0 0.5572916666666666 0.13333333333333333 0.28020833333333334 0.11666666666666667 0.5348946296296296 0.08370211571675301 2 0.4437487962962962 0.10922089810017271 2 0.4532612037037037 0.15859719343696027 2 0.5433762037037037 0.18083549222797926 2 0.6061112962962962 0.1505350604490501 2 0.6002624999999999 0.10488613989637305 2
2 0.715625 0.5708333333333333 0.146875 0.13958333333333334 0.7476464814814815 0.6314765112262521 2 0.6714 0.5063672711571675 2 0 0 0 0 0 0 0 0 0 0 0 0