5 0.48333333333333334 0.36875 0.6052083333333333 0.66875 0 0 0 0 0 0 0 0 0 0 0 0 0 0 0 0 0 0
2 0.60625 0.546875 0.121875 0.11770833333333333 0.6082175925925924 0.5832051381692572 2 0.5787218518518518 0.4993792746113989 2 0 0 0 0 0 0 0 0 0 0 0 0
4 0.3770833333333333 0.5260416666666666 0.14895833333333333 0.14895833333333333 0.36216 0.5761550086355786 2 0.40882287037037035 0.46712003454231427 2 0 0 0 0 0 0 0 0 0 0 0 0
8 0.5604166666666667 0.40729166666666666 0.12395833333333334 0.15104166666666666 0.587962962962963 0.4629057858376511 2 0.5622468518518517 0.3483831606217616 2 0 0 0 0 0 0 0 0 0 0 0 0
10 0.428125 0.4010416666666667 0.14270833333333333 0.146875 0.39720777777777777 0.46242508635578583 2 0.45540314814814814 0.337996804835924 2 0 0 0 0 0 0 0 0 0 0 0 0
6 0.48854166666666665 0.24791666666666667 0.221875 0.1625 0.39147499999999996 0.18069779792746116 2 0.6018880555555555 0.1761523316062176 2 0.560890462962963 0.3115217616580311 2 0.40688296296296295 0.309489335060449 2 0 0 0 0 0 0
9 0.328125 0.321875 0.058333333333333334 0.090625 0.3428455555555555 0.28486636442141616 2 0.3064778703703704 0.35250703799654576 2 0 0 0 0 0 0 0 0 0 0 0 0
3 0.33645833333333336 0.240625 0.08854166666666667 0.10729166666666666 0.3321036111111111 0.28850759930915365 2 0.37249166666666667 0.18821852331606218 2 0 0 0 0 0 0 0 0 0 0 0 0
0 0.47604166666666664 0.115625 0.240625 0.10833333333333334 0.5611153703703703 0.0799422279792746 2 0.474490462962963 0.05900414507772021 2 0.38718148148148146 0.08813018134715025 2 0.4307696296296296 0.149298402417962 2 0.5304262962962963 0.14648346286701208 2 0.5768453703703703 0.11856018998272884 2
7 0.6052083333333333 0.22083333333333333 0.08645833333333333 0.08645833333333333 0.6169162037037037 0.2489475388601036 2 0.6010412037037036 0.18960768566493955 2 0 0 0 0 0 0 0 0 0 0 0 0
1 0.6583333333333333 0.328125 0.09270833333333334 0.10416666666666667 0.6584924999999999 0.3643303540587219 2 0.6348323148148148 0.2815358376511226 2 0 0 0 0 0 0 0 0 0 0 0 0