5 0.5177083333333333 0.34375 0.5635416666666667 0.61875 0 0 0 0 0 0 0 0 0 0 0 0 0 0 0 0 0 0
4 0.459375 0.5229166666666667 0.13229166666666667 0.11458333333333333 0.4720094444444444 0.5660233160621762 2 0.44631157407407407 0.46839805699481857 2 0 0 0 0 0 0 0 0 0 0 0 0
2 0.5770833333333333 0.4375 0.209375 0.10208333333333333 0.4838738888888888 0.4565362262521589 2 0.6599558333333333 0.3938193005181347 2 0 0 0 0 0 0 0 0 0 0 0 0
8 0.5291666666666667 0.384375 0.12395833333333334 0.15104166666666666 0.49237157407407406 0.44880094991364416 2 0.5312886111111111 0.325095725388601 2 0 0 0 0 0 0 0 0 0 0 0 0
10 0.4322916666666667 0.396875 0.096875 0.13854166666666667 0.4284556481481481 0.45419926597582033 2 0.42379194444444435 0.33785673575129527 2 0 0 0 0 0 0 0 0 0 0 0 0
6 0.51875 0.22395833333333334 0.221875 0.1625 0.4220258333333333 0.1561151122625216 2 0.6324388888888888 0.15156964594127806 2 0.5914412962962963 0.2869390759930915 2 0.43743379629629625 0.28490664939550947 2 0 0 0 0 0 0
9 0.40729166666666666 0.190625 0.06875 0.11145833333333334 0.4301530555555555 0.15339827288428323 2 0.4025512037037037 0.23788536269430052 2 0 0 0 0 0 0 0 0 0 0 0 0
3 0.36770833333333336 0.2791666666666667 0.08229166666666667 0.08854166666666667 0.3880761111111111 0.24379028497409325 2 0.3518124074074074 0.31710911053540586 2 0 0 0 0 0 0 0 0 0 0 0 0
0 0.534375 0.10104166666666667 0.253125 0.13229166666666667 0.6095660185185185 0.05800639032815199 2 0.5056768518518518 0.0396454231433506 2 0.40829175925925926 0.08078795336787564 2 0.4694810185185185 0.15232879965457685 2 0.5916292592592592 0.1534371329879102 2 0.633757962962963 0.10823493091537133 2
7 0.6479166666666667 0.21875 0.08958333333333333 0.11666666666666667 0.6433738888888888 0.16943773747841104 2 0.6441073148148148 0.2707123488773747 2 0 0 0 0 0 0 0 0 0 0 0 0
1 0.6770833333333334 0.30625 0.10208333333333333 0.09583333333333334 0.6492209259259258 0.2699906303972366 2 0.6891726851851853 0.3452823402417962 2 0 0 0 0 0 0 0 0 0 0 0 0