5 0.7083333333333334 0.37083333333333335 0.36041666666666666 0.4354166666666667 0 0 0 0 0 0 0 0 0 0 0 0 0 0 0 0 0 0
8 0.7510416666666667 0.38645833333333335 0.09895833333333333 0.07395833333333333 0.7773933333333333 0.3521311312607944 2 0.7675792592592592 0.41927210708117446 2 0 0 0 0 0 0 0 0 0 0 0 0
0 0.753125 0.20833333333333334 0.13333333333333333 0.06875 0.7598795370370369 0.1802619602763385 2 0.7077876851851851 0.1828312176165803 2 0.696257037037037 0.2221832469775475 2 0.729666574074074 0.24079892055267701 2 0.7865255555555556 0.22482962003454235 2 0.7855489814814814 0.19451701208980998 2
10 0.6802083333333333 0.390625 0.096875 0.078125 0.7019039814814814 0.42485569948186525 2 0.6677838888888888 0.3558633419689119 2 0 0 0 0 0 0 0 0 0 0 0 0
7 0.8104166666666667 0.28958333333333336 0.046875 0.08333333333333333 0.7988051851851851 0.32135617443868736 2 0.7936147222222221 0.25077016407599306 2 0 0 0 0 0 0 0 0 0 0 0 0
1 0.6416666666666667 0.346875 0.052083333333333336 0.06354166666666666 0.6184383333333333 0.3685387305699482 2 0.6472931481481481 0.3241828151986183 2 0 0 0 0 0 0 0 0 0 0 0 0
6 0.7510416666666667 0.30104166666666665 0.18229166666666666 0.10833333333333334 0.6689375 0.2546310017271157 2 0.808825462962963 0.25184620034542315 2 0.8358053703703703 0.347620207253886 2 0.7172515740740741 0.352552115716753 2 0 0 0 0 0 0
3 0.8020833333333334 0.3333333333333333 0.04583333333333333 0.06875 0.7917692592592593 0.3048568652849741 2 0.8070835185185186 0.35386550086355784 2 0 0 0 0 0 0 0 0 0 0 0 0
9 0.628125 0.28541666666666665 0.07083333333333333 0.084375 0.634725 0.31839464594127803 2 0.6363803703703703 0.2481039723661485 2 0 0 0 0 0 0 0 0 0 0 0 0
4 0.703125 0.484375 0.08645833333333333 0.11770833333333333 0.6996803703703703 0.5275383851468048 2 0.6992724999999999 0.4280372625215889 2 0 0 0 0 0 0 0 0 0 0 0 0
2 0.75 0.46875 0.03854166666666667 0.09895833333333333 0.7376090740740741 0.49970250431778923 2 0.7500225925925926 0.42057754749568216 2 0 0 0 0 0 0 0 0 0 0 0 0