5 0.690625 0.321875 0.31666666666666665 0.33229166666666665 0 0 0 0 0 0 0 0 0 0 0 0 0 0 0 0 0 0
4 0.6145833333333334 0.34270833333333334 0.08020833333333334 0.06145833333333333 0.5949213888888888 0.36755069084628667 2 0.6084417592592593 0.3148331606217616 2 0 0 0 0 0 0 0 0 0 0 0 0
10 0.6583333333333333 0.32708333333333334 0.1 0.027083333333333334 0.6925293518518517 0.3209188255613126 2 0.619809537037037 0.3149981001727116 2 0 0 0 0 0 0 0 0 0 0 0 0
8 0.696875 0.353125 0.09270833333333334 0.058333333333333334 0.6682312037037037 0.3746323834196891 2 0.7234074074074074 0.32983156303972366 2 0 0 0 0 0 0 0 0 0 0 0 0
2 0.6395833333333333 0.40520833333333334 0.10416666666666667 0.051041666666666666 0.6091926851851851 0.4226805699481865 2 0.6649943518518519 0.3816381260794473 2 0 0 0 0 0 0 0 0 0 0 0 0
6 0.7604166666666666 0.284375 0.13958333333333334 0.08020833333333334 0.7036950925925926 0.24858575129533678 2 0.8169443518518518 0.24666558721934367 2 0.8186434259259259 0.3184167098445595 2 0.7050010185185186 0.32028091537132986 2 0 0 0 0 0 0
9 0.6885416666666667 0.23020833333333332 0.08333333333333333 0.04895833333333333 0.671035462962963 0.22594684801381693 2 0.6985424074074074 0.24535410189982726 2 0 0 0 0 0 0 0 0 0 0 0 0
3 0.6947916666666667 0.2125 0.10208333333333333 0.03125 0.6636329629629629 0.21620608808290154 2 0.7377357407407407 0.20214723661485318 2 0 0 0 0 0 0 0 0 0 0 0 0
7 0.7708333333333334 0.28229166666666666 0.059375 0.036458333333333336 0.7628864814814815 0.2908779792746114 2 0.7478882407407407 0.26457772020725384 2 0 0 0 0 0 0 0 0 0 0 0 0
1 0.7822916666666667 0.321875 0.07708333333333334 0.04791666666666667 0.7986955555555555 0.3362548359240069 2 0.7613437037037036 0.30018298791018994 2 0 0 0 0 0 0 0 0 0 0 0 0
0 0.759375 0.22083333333333333 0.07604166666666666 0.03958333333333333 0.7771002777777778 0.20972275474956822 2 0.7512549074074074 0.2080604922279793 2 0.7269486111111111 0.21701813471502587 2 0.726802037037037 0.23132607944732297 2 0.7585774074074074 0.23818955094991365 2 0.7931378703703703 0.22387849740932644 2