5 0.43645833333333334 0.4552083333333333 0.5302083333333333 0.5395833333333333 0 0 0 0 0 0 0 0 0 0 0 0 0 0 0 0 0 0
10 0.38229166666666664 0.48541666666666666 0.15833333333333333 0.13645833333333332 0.3483796296296296 0.5420174870466321 2 0.4298707407407407 0.42167603626943 2 0 0 0 0 0 0 0 0 0 0 0 0
4 0.334375 0.6041666666666666 0.11458333333333333 0.15520833333333334 0.2981771296296296 0.6729510794473229 2 0.3519819444444444 0.5323656303972366 2 0 0 0 0 0 0 0 0 0 0 0 0
8 0.534375 0.490625 0.12708333333333333 0.15 0.5289713888888888 0.5446486183074265 2 0.5570391666666666 0.4224879965457686 2 0 0 0 0 0 0 0 0 0 0 0 0
2 0.47604166666666664 0.5854166666666667 0.159375 0.146875 0.5005606481481482 0.6569449050086356 2 0.5505829629629629 0.5241412780656304 2 0 0 0 0 0 0 0 0 0 0 0 0
6 0.48125 0.353125 0.19791666666666666 0.15520833333333334 0.3844814814814815 0.2782716321243523 2 0.5630712962962963 0.30317923143350606 2 0.5644454629629629 0.4177908031088083 2 0.4030247222222222 0.42061187392055266 2 0 0 0 0 0 0
3 0.34479166666666666 0.3697916666666667 0.14375 0.06458333333333334 0.38198064814814814 0.38294235751295336 2 0.3155252777777777 0.3449813471502591 2 0 0 0 0 0 0 0 0 0 0 0 0
7 0.5729166666666666 0.3333333333333333 0.09375 0.07708333333333334 0.5629521296296296 0.36002940414507767 2 0.5834946296296297 0.3038318652849741 2 0 0 0 0 0 0 0 0 0 0 0 0
1 0.5760416666666667 0.415625 0.10833333333333334 0.09166666666666666 0.5857928703703704 0.4426830310880828 2 0.5518181481481482 0.37840703799654574 2 0 0 0 0 0 0 0 0 0 0 0 0
9 0.35 0.31875 0.13854166666666667 0.08229166666666667 0.3914307407407407 0.2855156303972366 2 0.3138201851851852 0.34375336787564764 2 0 0 0 0 0 0 0 0 0 0 0 0
0 0.4864583333333333 0.246875 0.12291666666666666 0.06979166666666667 0.4856426513815402 0.21553723013816925 2 0.44360064814814815 0.22561040587219341 2 0.4320461111111111 0.2669758203799654 2 0.48663277777777775 0.2803050949913644 2 0.5297455555555555 0.27194550949913643 2 0.5350791666666666 0.22672474093264247 2