5 0.5041666666666667 0.390625 0.5552083333333333 0.6177083333333333 0 0 0 0 0 0 0 0 0 0 0 0 0 0 0 0 0 0
4 0.4479166666666667 0.5791666666666667 0.10104166666666667 0.13645833333333332 0.47273509259259255 0.64375798791019 2 0.4290496296296296 0.5197013385146805 2 0 0 0 0 0 0 0 0 0 0 0 0
10 0.42916666666666664 0.4354166666666667 0.08541666666666667 0.146875 0.4400505555555555 0.499330310880829 2 0.4082319444444444 0.3710995250431779 2 0 0 0 0 0 0 0 0 0 0 0 0
8 0.5895833333333333 0.44166666666666665 0.13645833333333332 0.153125 0.5798319444444444 0.37050660621761655 2 0.6059883333333332 0.5161913644214162 2 0 0 0 0 0 0 0 0 0 0 0 0
9 0.3572916666666667 0.24375 0.159375 0.07395833333333333 0.3057816666666666 0.27090876511226253 2 0.40504879629629625 0.2239895077720207 2 0 0 0 0 0 0 0 0 0 0 0 0
6 0.5427083333333333 0.278125 0.2 0.153125 0.44945324074074067 0.20452409326424867 2 0.6181996296296296 0.2039422279792746 2 0.6332793518518518 0.3483693005181347 2 0.4516959259259259 0.3521676597582038 2 0 0 0 0 0 0
7 0.7229166666666667 0.24479166666666666 0.11979166666666667 0.075 0.6804096296296296 0.21114995682210708 2 0.7546872222222221 0.28032815198618305 2 0 0 0 0 0 0 0 0 0 0 0 0
1 0.725 0.3125 0.1625 0.07604166666666666 0.7710263888888887 0.2833073402417962 2 0.6748838888888888 0.3363405872193436 2 0 0 0 0 0 0 0 0 0 0 0 0
3 0.35520833333333335 0.3 0.14270833333333333 0.046875 0.3846255555555555 0.32019827288428326 2 0.30895222222222224 0.2849901554404145 2 0 0 0 0 0 0 0 0 0 0 0 0
0 0.5197916666666667 0.14479166666666668 0.19791666666666666 0.103125 0.5186253703703704 0.10051377374784108 2 0.4439641666666666 0.12930129533678755 2 0.4332538888888889 0.1686665803108808 2 0.5127533333333333 0.1912422279792746 2 0.6007512962962963 0.1680240932642487 2 0.5907960185185186 0.12365755613126078 2
2 0.6572916666666667 0.5885416666666666 0.13854166666666667 0.13125 0.6815046296296295 0.6425689982728843 2 0.6183808333333333 0.5275026770293609 2 0 0 0 0 0 0 0 0 0 0 0 0