5 0.509375 0.40729166666666666 0.5739583333333333 0.740625 0 0 0 0 0 0 0 0 0 0 0 0 0 0 0 0 0 0
4 0.409375 0.6385416666666667 0.10729166666666666 0.1625 0.4391818518518518 0.6993975388601036 2 0.4083263888888889 0.5667485319516408 2 0 0 0 0 0 0 0 0 0 0 0 0
2 0.6322916666666667 0.6270833333333333 0.171875 0.15416666666666667 0.6520182407407408 0.6916052677029361 2 0.563476574074074 0.5563286269430051 2 0 0 0 0 0 0 0 0 0 0 0 0
8 0.528125 0.44375 0.115625 0.20833333333333334 0.5373987037037036 0.5290219343696028 2 0.526349074074074 0.3538731865284974 2 0 0 0 0 0 0 0 0 0 0 0 0
10 0.42083333333333334 0.4354166666666667 0.17916666666666667 0.159375 0.38863768518518516 0.5056565198618307 2 0.3831299999999999 0.36717694300518133 2 0 0 0 0 0 0 0 0 0 0 0 0
6 0.465625 0.24479166666666666 0.22708333333333333 0.1625 0.3712065740740741 0.17003933506044905 2 0.6023762962962963 0.17416208981001724 2 0.5421046296296296 0.3151275474956822 2 0.3478859259259259 0.3150412780656303 2 0 0 0 0 0 0
3 0.31666666666666665 0.328125 0.128125 0.11145833333333334 0.2782660185185185 0.3662784110535406 2 0.33303666666666665 0.2852843696027634 2 0 0 0 0 0 0 0 0 0 0 0 0
9 0.3260416666666667 0.23125 0.11770833333333333 0.10416666666666667 0.32331453703703705 0.2703594127806562 2 0.35938833333333337 0.19317564766839376 2 0 0 0 0 0 0 0 0 0 0 0 0
7 0.6625 0.16770833333333332 0.18229166666666666 0.075 0.6116297222222222 0.18833739205526767 2 0.7190393518518517 0.1460711571675302 2 0 0 0 0 0 0 0 0 0 0 0 0
1 0.6302083333333334 0.11041666666666666 0.20208333333333334 0.08020833333333334 0.5793737962962963 0.08117854058721935 2 0.6905382407407408 0.1356814766839378 2 0 0 0 0 0 0 0 0 0 0 0 0
0 0.5125 0.10625 0.2916666666666667 0.12083333333333333 0.5738932407407408 0.048617314335060446 2 0.40332027777777774 0.05536386010362694 2 0.37293833333333326 0.11160474956822107 2 0.43780740740740737 0.14424961139896372 2 0.5837254629629629 0.13340544041450775 2 0.5841737037037037 0.1020399395509499 2