5 0.7479166666666667 0.3020833333333333 0.440625 0.34479166666666666 0 0 0 0 0 0 0 0 0 0 0 0 0 0 0 0 0 0
2 0.8291666666666667 0.40520833333333334 0.05520833333333333 0.09583333333333334 0.8256159259259259 0.4453368307426598 2 0.8327174999999999 0.3602150690846287 2 0 0 0 0 0 0 0 0 0 0 0 0
10 0.7614583333333333 0.32708333333333334 0.07708333333333334 0.09270833333333334 0.7486641666666667 0.37029382556131263 2 0.7467892592592592 0.28651394645941275 2 0 0 0 0 0 0 0 0 0 0 0 0
8 0.8322916666666667 0.328125 0.07083333333333333 0.08229166666666667 0.8410355555555554 0.35863069948186527 2 0.8266167592592591 0.285686701208981 2 0 0 0 0 0 0 0 0 0 0 0 0
4 0.7677083333333333 0.4125 0.09270833333333334 0.09895833333333333 0.7643144444444444 0.45565107944732297 2 0.7579026851851851 0.3784178756476683 2 0 0 0 0 0 0 0 0 0 0 0 0
6 0.7625 0.23020833333333332 0.13125 0.08333333333333333 0.7101879629629629 0.19390379965457685 2 0.8180005555555555 0.2085929620034542 2 0.8090952777777777 0.26492867012089805 2 0.723260648148148 0.26739805699481867 2 0 0 0 0 0 0
9 0.6625 0.209375 0.140625 0.042708333333333334 0.6364724074074074 0.22983298791018997 2 0.7098252777777778 0.19342379101899826 2 0 0 0 0 0 0 0 0 0 0 0 0
3 0.603125 0.24583333333333332 0.12083333333333333 0.027083333333333334 0.5668817592592592 0.25868765112262515 2 0.6372225925925925 0.23199110535405867 2 0 0 0 0 0 0 0 0 0 0 0 0
7 0.8208333333333333 0.23333333333333334 0.041666666666666664 0.05625 0.8304730555555555 0.25725841968911917 2 0.8163402777777777 0.21183044041450777 2 0 0 0 0 0 0 0 0 0 0 0 0
1 0.8802083333333334 0.265625 0.13333333333333333 0.027083333333333334 0.8370352777777778 0.25777936096718485 2 0.9105185185185185 0.2702406303972366 2 0 0 0 0 0 0 0 0 0 0 0 0
0 0.7802083333333333 0.17395833333333333 0.1125 0.046875 0.7804110268469526 0.1525935402788058 2 0.7353460185185186 0.1618991364421416 2 0.7438523148148147 0.18009602763385146 2 0.778144537037037 0.19358981001727116 2 0.807180462962963 0.18313061312607942 2 0.797865462962963 0.1624541450777202 2