5 0.5239583333333333 0.3770833333333333 0.5479166666666667 0.69375 0 0 0 0 0 0 0 0 0 0 0 0 0 0 0 0 0 0
2 0.5770833333333333 0.5520833333333334 0.096875 0.13541666666666666 0.5869502777777778 0.6062530224525043 2 0.5888672222222221 0.4927761226252159 2 0 0 0 0 0 0 0 0 0 0 0 0
10 0.453125 0.4114583333333333 0.11875 0.15520833333333334 0.48229527777777775 0.47332076856649397 2 0.4604671296296296 0.3414088946459412 2 0 0 0 0 0 0 0 0 0 0 0 0
4 0.49375 0.5739583333333333 0.10208333333333333 0.16458333333333333 0.5037435185185185 0.6383834628670121 2 0.4481779629629629 0.504152633851468 2 0 0 0 0 0 0 0 0 0 0 0 0
8 0.603125 0.39479166666666665 0.10104166666666667 0.153125 0.610134537037037 0.45588942141623484 2 0.5963722222222222 0.3345527633851468 2 0 0 0 0 0 0 0 0 0 0 0 0
9 0.375 0.21875 0.128125 0.13020833333333334 0.33955444444444444 0.25814814335060443 2 0.4285299074074074 0.1583855785837651 2 0 0 0 0 0 0 0 0 0 0 0 0
6 0.5010416666666667 0.240625 0.215625 0.16666666666666666 0.4074436111111111 0.16191709844559585 2 0.601146574074074 0.1596232728842832 2 0.5905671296296297 0.31108320379965454 2 0.41297740740740735 0.3123987910189982 2 0 0 0 0 0 0
0 0.5322916666666667 0.09479166666666666 0.278125 0.12291666666666666 0.5956125925925926 0.04966299654576856 2 0.49585398491083676 0.046786531495874105 2 0.4465783333333333 0.07967668393782383 2 0.47019675925925924 0.13851498272884283 2 0.5745442592592592 0.1474963298791019 2 0.6219616666666667 0.09651778929188255 2
3 0.3885416666666667 0.2989583333333333 0.11979166666666667 0.09375 0.4041702777777777 0.33233484455958545 2 0.34608287037037033 0.2602142918825561 2 0 0 0 0 0 0 0 0 0 0 0 0
1 0.73125 0.31666666666666665 0.12083333333333333 0.0875 0.7551902777777778 0.27409529360967183 2 0.7077184259259259 0.34352569084628665 2 0 0 0 0 0 0 0 0 0 0 0 0
7 0.7166666666666667 0.21458333333333332 0.11666666666666667 0.13333333333333333 0.696958148148148 0.15943769430051813 2 0.7371237962962963 0.2690522020725388 2 0 0 0 0 0 0 0 0 0 0 0 0