5 0.6458333333333334 0.4114583333333333 0.6354166666666666 0.7583333333333333 0 0 0 0 0 0 0 0 0 0 0 0 0 0 0 0 0 0
4 0.5364583333333334 0.628125 0.13854166666666667 0.171875 0.5523604629629629 0.7086683074265975 2 0.5122208333333333 0.5523230569948187 2 0 0 0 0 0 0 0 0 0 0 0 0
2 0.6229166666666667 0.6260416666666667 0.115625 0.146875 0.6398480555555555 0.693931822107081 2 0.5849249074074073 0.5605373920552678 2 0 0 0 0 0 0 0 0 0 0 0 0
8 0.5979166666666667 0.4822916666666667 0.16145833333333334 0.16875 0.552619537037037 0.5496603195164076 2 0.6470213888888889 0.4078435664939551 2 0 0 0 0 0 0 0 0 0 0 0 0
10 0.50625 0.4708333333333333 0.096875 0.15416666666666667 0.5047971296296295 0.5421914075993092 2 0.4979288888888888 0.40501187392055266 2 0 0 0 0 0 0 0 0 0 0 0 0
6 0.6541666666666667 0.23541666666666666 0.2625 0.171875 0.5365016666666665 0.17312072538860104 2 0.7706962962962963 0.15430803108808291 2 0.7093266666666665 0.3250862262521589 2 0.5249475 0.31194581174438685 2 0 0 0 0 0 0
9 0.5166666666666667 0.23854166666666668 0.090625 0.10416666666666667 0.5502834259259259 0.2047431347150259 2 0.49289425925925917 0.277855310880829 2 0 0 0 0 0 0 0 0 0 0 0 0
3 0.484375 0.21666666666666667 0.07604166666666666 0.134375 0.5017908333333333 0.15787530224525043 2 0.47594416666666656 0.2694206390328152 2 0 0 0 0 0 0 0 0 0 0 0 0
7 0.8083333333333333 0.22708333333333333 0.13125 0.14895833333333333 0.7829124999999999 0.16159702072538856 2 0.8467749074074074 0.2973348445595855 2 0 0 0 0 0 0 0 0 0 0 0 0
1 0.9135416666666667 0.346875 0.14479166666666668 0.1125 0.8644632407407407 0.3015313039723661 2 0.9669687962962962 0.38138203799654574 2 0 0 0 0 0 0 0 0 0 0 0 0
0 0.6291666666666667 0.103125 0.24375 0.128125 0.6375166666666666 0.03866498272884283 2 0.5460760185185186 0.051101640759930914 2 0.5188769444444444 0.09452491364421416 2 0.5456705555555555 0.14577357512953365 2 0.6971293518518518 0.14982284110535407 2 0.7264908333333333 0.0625036701208981 2