5 0.5072916666666667 0.371875 0.5510416666666667 0.678125 0 0 0 0 0 0 0 0 0 0 0 0 0 0 0 0 0 0
10 0.4552083333333333 0.40729166666666666 0.13645833333333332 0.19895833333333332 0.44220194444444444 0.4843007772020725 2 0.44505935185185186 0.31454084628670115 2 0 0 0 0 0 0 0 0 0 0 0 0
8 0.59375 0.41875 0.175 0.18125 0.5794089814814815 0.3541936528497409 2 0.5775643518518518 0.4903979706390328 2 0 0 0 0 0 0 0 0 0 0 0 0
4 0.396875 0.5833333333333334 0.15 0.19166666666666668 0.3930663888888889 0.6536812607944732 2 0.41001157407407407 0.4961156735751295 2 0 0 0 0 0 0 0 0 0 0 0 0
2 0.5625 0.5875 0.10833333333333334 0.165625 0.5391167592592593 0.6487815630397236 2 0.5526800925925925 0.5153939119170984 2 0 0 0 0 0 0 0 0 0 0 0 0
9 0.36041666666666666 0.221875 0.11770833333333333 0.14270833333333333 0.3567888888888888 0.2737242227979274 2 0.34870296296296294 0.17873910552083047 2 0 0 0 0 0 0 0 0 0 0 0 0
6 0.5020833333333333 0.2375 0.21666666666666667 0.17708333333333334 0.39653861111111116 0.1496130829015544 2 0.6150354629629629 0.15027931778929188 2 0.6045283333333332 0.3180321675302245 2 0.4032841666666666 0.3185634715025907 2 0 0 0 0 0 0
7 0.634375 0.21979166666666666 0.103125 0.134375 0.6314380555555555 0.26591511226252157 2 0.598144537037037 0.1643036701208981 2 0 0 0 0 0 0 0 0 0 0 0 0
1 0.65 0.34791666666666665 0.13541666666666666 0.15520833333333334 0.682689537037037 0.37964499136442137 2 0.6421983333333333 0.2794672279792746 2 0 0 0 0 0 0 0 0 0 0 0 0
3 0.3489583333333333 0.33125 0.10520833333333333 0.121875 0.3500614814814815 0.37467784974093266 2 0.36653648148148144 0.27703847150259064 2 0 0 0 0 0 0 0 0 0 0 0 0
0 0.5239583333333333 0.115625 0.21770833333333334 0.128125 0.5186450925925926 0.05060755613126079 2 0.4410807407407408 0.06902560449050087 2 0.4495623148148148 0.11791278065630398 2 0.49945740740740735 0.157523402417962 2 0.5711443518518519 0.11430336787564768 2 0.5807834259259259 0.0840282383419689 2