5 0.44583333333333336 0.3489583333333333 0.5479166666666667 0.6239583333333333 0 0 0 0 0 0 0 0 0 0 0 0 0 0 0 0 0 0
4 0.39375 0.5322916666666667 0.15833333333333333 0.16979166666666667 0.3348962962962963 0.6045442141623488 2 0.41686555555555554 0.46272871329879095 2 0 0 0 0 0 0 0 0 0 0 0 0
8 0.5947916666666667 0.375 0.12708333333333333 0.14583333333333334 0.6006321296296295 0.4353715889464594 2 0.5956112962962963 0.31667102763385147 2 0 0 0 0 0 0 0 0 0 0 0 0
2 0.6010416666666667 0.528125 0.07604166666666666 0.15729166666666666 0.6108760185185184 0.5807848445595856 2 0.6128339814814814 0.4554515112262522 2 0 0 0 0 0 0 0 0 0 0 0 0
10 0.453125 0.37916666666666665 0.14791666666666667 0.15625 0.4123221296296296 0.45094870466321246 2 0.4552227777777778 0.3115807858376511 2 0 0 0 0 0 0 0 0 0 0 0 0
6 0.49895833333333334 0.234375 0.25729166666666664 0.15 0.38474749999999996 0.1576752158894646 2 0.5988626851851852 0.1600383419689119 2 0.5918873148148147 0.284181390328152 2 0.40313944444444444 0.30095496545768563 2 0 0 0 0 0 0
9 0.3458333333333333 0.2125 0.07291666666666667 0.084375 0.3483659259259259 0.1776213298791019 2 0.32873990740740744 0.2455152417962003 2 0 0 0 0 0 0 0 0 0 0 0 0
3 0.37604166666666666 0.2635416666666667 0.16041666666666668 0.052083333333333336 0.31420166666666666 0.25910639032815197 2 0.4279151851851851 0.2708147668393782 2 0 0 0 0 0 0 0 0 0 0 0 0
0 0.48854166666666665 0.103125 0.19791666666666666 0.11458333333333333 0.5389849074074073 0.06042111398963731 2 0.4605113888888889 0.05744628670120898 2 0.4108985185185185 0.09890112262521589 2 0.44986629629629626 0.14866666666666667 2 0.5460079629629628 0.14475548359240067 2 0.5674325 0.10085449050086355 2
7 0.6135416666666667 0.13541666666666666 0.12291666666666666 0.11770833333333333 0.5753762037037037 0.17551981865284974 2 0.6552683333333333 0.08878773747841104 2 0 0 0 0 0 0 0 0 0 0 0 0
1 0.6052083333333333 0.078125 0.17291666666666666 0.041666666666666664 0.664496574074074 0.08397763385146803 2 0.5507196296296296 0.06607940414507771 2 0 0 0 0 0 0 0 0 0 0 0 0