5 0.534375 0.390625 0.6052083333333333 0.6697916666666667 0 0 0 0 0 0 0 0 0 0 0 0 0 0 0 0 0 0
10 0.475 0.46979166666666666 0.08541666666666667 0.13020833333333334 0.44771777777777777 0.5203272884283247 2 0.4557654629629629 0.40297115716753024 2 0 0 0 0 0 0 0 0 0 0 0 0
8 0.6354166666666666 0.4510416666666667 0.1125 0.15833333333333333 0.6193396296296296 0.3971269861830742 2 0.6178024074074073 0.5140109240069084 2 0 0 0 0 0 0 0 0 0 0 0 0
4 0.4427083333333333 0.6072916666666667 0.10520833333333333 0.153125 0.4624023148148148 0.6614735319516407 2 0.43270768518518515 0.5399597582037997 2 0 0 0 0 0 0 0 0 0 0 0 0
2 0.6239583333333333 0.6145833333333334 0.09895833333333333 0.16666666666666666 0.6321252777777777 0.678803713298791 2 0.6247830555555556 0.5428354922279793 2 0 0 0 0 0 0 0 0 0 0 0 0
9 0.3875 0.26875 0.10208333333333333 0.13229166666666667 0.3840422222222222 0.3157130397236615 2 0.39733435185185184 0.2194145077720207 2 0 0 0 0 0 0 0 0 0 0 0 0
6 0.5052083333333334 0.2875 0.209375 0.17083333333333334 0.39832898148148144 0.2123560017271157 2 0.6250180555555556 0.2068828583765112 2 0.5978009259259258 0.3619353195164076 2 0.42634185185185186 0.3643219343696027 2 0 0 0 0 0 0
7 0.6583333333333333 0.26145833333333335 0.10520833333333333 0.12083333333333333 0.6397931481481481 0.3030970207253886 2 0.6327763888888889 0.21649663212435233 2 0 0 0 0 0 0 0 0 0 0 0 0
1 0.675 0.36875 0.09166666666666666 0.1125 0.6729419444444443 0.41472702936096717 2 0.6593424074074073 0.32331131260794466 2 0 0 0 0 0 0 0 0 0 0 0 0
3 0.35625 0.378125 0.08958333333333333 0.1125 0.33823425925925926 0.3340805267702936 2 0.3509837962962962 0.4216506476683938 2 0 0 0 0 0 0 0 0 0 0 0 0
0 0.5104166666666666 0.128125 0.24479166666666666 0.10104166666666667 0.5029477777777777 0.08127901554404145 2 0.40805842592592595 0.11798864421416236 2 0.41854749999999996 0.15677284110535403 2 0.4980469444444445 0.17934848877374784 2 0.6015263888888889 0.15886429188255613 2 0.6030273148148148 0.1059038860103627 2