5 0.5666666666666667 0.58125 0.365625 0.4979166666666667 0 0 0 0 0 0 0 0 0 0 0 0 0 0 0 0 0 0
10 0.5229166666666667 0.6010416666666667 0.08541666666666667 0.12083333333333333 0.5277479629629629 0.6511670552677029 2 0.5136658333333333 0.5465444300518135 2 0 0 0 0 0 0 0 0 0 0 0 0
2 0.6177083333333333 0.7010416666666667 0.10520833333333333 0.134375 0.5864531481481482 0.759529792746114 2 0.6124359259259259 0.6401096718480138 2 0 0 0 0 0 0 0 0 0 0 0 0
4 0.5322916666666667 0.7010416666666667 0.06666666666666667 0.109375 0.5340143518518519 0.7412764680483591 2 0.5239563888888888 0.6477098013816925 2 0 0 0 0 0 0 0 0 0 0 0 0
8 0.634375 0.603125 0.11041666666666666 0.12083333333333333 0.6070192592592591 0.6533012521588945 2 0.6297650925925925 0.546806347150259 2 0 0 0 0 0 0 0 0 0 0 0 0
6 0.56875 0.49166666666666664 0.18958333333333333 0.12604166666666666 0.4774218518518518 0.43002724525043173 2 0.6711508333333334 0.4393088082901554 2 0.6164237037037037 0.5422775043177893 2 0.49272768518518517 0.5374507772020726 2 0 0 0 0 0 0
3 0.475 0.490625 0.090625 0.021875 0.4996602777777778 0.4879092832469775 2 0.4491783333333333 0.49295613126079446 2 0 0 0 0 0 0 0 0 0 0 0 0
9 0.4895833333333333 0.46041666666666664 0.0625 0.0625 0.4784375925925925 0.48349227115716753 2 0.4860739814814814 0.4410519861830743 2 0 0 0 0 0 0 0 0 0 0 0 0
7 0.68125 0.44895833333333335 0.12395833333333334 0.0375 0.6534949999999999 0.4388725820379965 2 0.7033517592592593 0.46264550949913646 2 0 0 0 0 0 0 0 0 0 0 0 0
1 0.6947916666666667 0.4875 0.103125 0.06145833333333333 0.7103906481481481 0.46369909326424874 2 0.6603276851851851 0.5078411917098445 2 0 0 0 0 0 0 0 0 0 0 0 0
0 0.5916666666666667 0.409375 0.23333333333333334 0.10833333333333334 0.6486053703703704 0.3748143350604491 2 0.5925071296296296 0.3712438255613126 2 0.5194153703703704 0.3884615716753022 2 0.5103156481481481 0.43876407599309153 2 0.6513204629629629 0.4431408894645941 2 0.6728309259259259 0.3941437823834197 2