5 0.48020833333333335 0.37916666666666665 0.590625 0.659375 0 0 0 0 0 0 0 0 0 0 0 0 0 0 0 0 0 0
2 0.4322916666666667 0.5489583333333333 0.096875 0.14375 0.4277343518518518 0.6074674006908463 2 0.4241688888888888 0.48917923143350606 2 0 0 0 0 0 0 0 0 0 0 0 0
10 0.43125 0.42291666666666666 0.121875 0.14270833333333333 0.43793398148148144 0.48752223661485317 2 0.3994435185185185 0.3626130829015544 2 0 0 0 0 0 0 0 0 0 0 0 0
4 0.5697916666666667 0.5802083333333333 0.153125 0.14479166666666668 0.5154984259259259 0.6153018566493954 2 0.6032100925925925 0.5159168825561312 2 0 0 0 0 0 0 0 0 0 0 0 0
8 0.59375 0.421875 0.121875 0.14791666666666667 0.6045283333333332 0.47529412780656294 2 0.5541172222222223 0.3612316493955095 2 0 0 0 0 0 0 0 0 0 0 0 0
9 0.340625 0.23020833333333332 0.18333333333333332 0.10416666666666667 0.2881582407407407 0.2629129101899827 2 0.4071542592592593 0.18729253022452502 2 0 0 0 0 0 0 0 0 0 0 0 0
6 0.5041666666666667 0.2604166666666667 0.21354166666666666 0.18333333333333332 0.4401496296296296 0.17773113126079446 2 0.5940941666666666 0.17220276338514678 2 0.6113823148148149 0.3501963730569948 2 0.40523722222222225 0.3371249136442141 2 0 0 0 0 0 0
0 0.51875 0.11458333333333333 0.23854166666666668 0.13229166666666667 0.5816153703703703 0.07016407599309153 2 0.48690685185185184 0.06273445595854922 2 0.42059101851851843 0.09827189119170983 2 0.45053898148148147 0.15949680483592402 2 0.5766963888888889 0.15576088082901554 2 0.6126483333333332 0.1142864853195164 2
3 0.3385416666666667 0.2916666666666667 0.178125 0.05416666666666667 0.3933014814814815 0.3149793609671848 2 0.28513814814814814 0.26752586355785835 2 0 0 0 0 0 0 0 0 0 0 0 0
1 0.6697916666666667 0.3020833333333333 0.159375 0.08125 0.6213831481481481 0.3170286269430051 2 0.7172157407407407 0.2675587651122625 2 0 0 0 0 0 0 0 0 0 0 0 0
7 0.6927083333333334 0.23333333333333334 0.08541666666666667 0.11354166666666667 0.6591387037037038 0.18611200345423143 2 0.7048068518518519 0.2708737910189983 2 0 0 0 0 0 0 0 0 0 0 0 0