5 0.4822916666666667 0.340625 0.5020833333333333 0.590625 0 0 0 0 0 0 0 0 0 0 0 0 0 0 0 0 0 0
4 0.33541666666666664 0.5135416666666667 0.11145833333333334 0.12916666666666668 0.32007287037037035 0.5671391623488773 2 0.3466902777777777 0.4575397236614853 2 0 0 0 0 0 0 0 0 0 0 0 0
10 0.428125 0.3854166666666667 0.24895833333333334 0.125 0.35689546296296293 0.4431088082901554 2 0.4890335185185185 0.3312870466321243 2 0 0 0 0 0 0 0 0 0 0 0 0
8 0.6166666666666667 0.37083333333333335 0.14791666666666667 0.13854166666666667 0.5919349074074075 0.30677586355785835 2 0.5865452777777777 0.4308113557858376 2 0 0 0 0 0 0 0 0 0 0 0 0
9 0.396875 0.2125 0.04791666666666667 0.109375 0.3884250925925926 0.26006895509499134 2 0.39094462962962956 0.17352888601036268 2 0 0 0 0 0 0 0 0 0 0 0 0
6 0.515625 0.2375 0.24583333333333332 0.13541666666666666 0.39994638888888884 0.172631908462867 2 0.6307902777777777 0.18413898963730568 2 0.6125961111111111 0.29134045768566497 2 0.4435762962962963 0.3047129533678756 2 0 0 0 0 0 0
7 0.6302083333333334 0.22708333333333333 0.08020833333333334 0.08333333333333333 0.6075321296296295 0.19016774611398962 2 0.6288985185185185 0.2606763385146805 2 0 0 0 0 0 0 0 0 0 0 0 0
1 0.66875 0.321875 0.08229166666666667 0.06354166666666666 0.6638602777777778 0.3420391623488773 2 0.6469837962962962 0.29642076856649396 2 0 0 0 0 0 0 0 0 0 0 0 0
3 0.3958333333333333 0.3020833333333333 0.07604166666666666 0.06875 0.40980805555555555 0.3284166234887737 2 0.3820786111111111 0.2764278065630397 2 0 0 0 0 0 0 0 0 0 0 0 0
0 0.528125 0.121875 0.19791666666666666 0.103125 0.5279725 0.07488873056994817 2 0.45130055555555554 0.10029844559585492 2 0.45194638888888883 0.13994011226252157 2 0.5272177777777778 0.16838510362694298 2 0.6023029629629629 0.13814231433506044 2 0.5900600925925926 0.0923972797927461 2
2 0.5822916666666667 0.5135416666666667 0.06770833333333333 0.10625 0.5798672222222223 0.5554057426597582 2 0.5769576851851851 0.4655101899827288 2 0 0 0 0 0 0 0 0 0 0 0 0