5 0.4395833333333333 0.44166666666666665 0.646875 0.8229166666666666 0 0 0 0 0 0 0 0 0 0 0 0 0 0 0 0 0 0
2 0.590625 0.653125 0.090625 0.128125 0.5652488888888888 0.6957628238341969 2 0.5843452777777778 0.5981954231433505 2 0 0 0 0 0 0 0 0 0 0 0 0
8 0.6 0.475 0.12291666666666666 0.19583333333333333 0.5862449074074073 0.5557551381692573 2 0.5937679629629629 0.3878119170984456 2 0 0 0 0 0 0 0 0 0 0 0 0
7 0.6822916666666666 0.2604166666666667 0.07708333333333334 0.14895833333333333 0.6596127777777777 0.19815479274611394 2 0.6832320370370369 0.31502996545768563 2 0 0 0 0 0 0 0 0 0 0 0 0
4 0.45416666666666666 0.6541666666666667 0.096875 0.1375 0.46292675925925925 0.6969772020725388 2 0.45310694444444444 0.5842930483592401 2 0 0 0 0 0 0 0 0 0 0 0 0
10 0.46770833333333334 0.475 0.11770833333333333 0.21145833333333333 0.44574657407407403 0.5640702504317789 2 0.4367350925925926 0.3768733592400691 2 0 0 0 0 0 0 0 0 0 0 0 0
6 0.5197916666666667 0.278125 0.30104166666666665 0.2625 0.37384259259259256 0.1523876079447323 2 0.6519459259259258 0.18701424870466318 2 0.666214537037037 0.40410120898100177 2 0.3884006481481481 0.39971597582037993 2 0 0 0 0 0 0
3 0.29375 0.28541666666666665 0.16979166666666667 0.09270833333333334 0.25227842592592586 0.24216291018998268 2 0.34027777777777773 0.3157805267702936 2 0 0 0 0 0 0 0 0 0 0 0 0
9 0.340625 0.19479166666666667 0.240625 0.09375 0.2556965740740741 0.22357210708117442 2 0.41290046296296296 0.16012560449050087 2 0 0 0 0 0 0 0 0 0 0 0 0
1 0.709375 0.39166666666666666 0.09583333333333334 0.12291666666666666 0.690411574074074 0.43893868739205527 2 0.6864989814814815 0.34839378238341967 2 0 0 0 0 0 0 0 0 0 0 0 0
0 0.5364583333333334 0.09583333333333334 0.34375 0.12604166666666666 0.6381293518518518 0.05346636442141624 2 0.5129303703703703 0.03842158894645941 2 0.40682870370370366 0.06675708117443868 2 0.38751444444444444 0.11861269430051813 2 0.52398 0.1495034542314335 2 0.6307327777777778 0.11587193436960276 2