5 0.525 0.37916666666666665 0.6333333333333333 0.6666666666666666 0 0 0 0 0 0 0 0 0 0 0 0 0 0 0 0 0 0
4 0.453125 0.5916666666666667 0.09375 0.13125 0.4792996296296296 0.6483860103626943 2 0.4449961111111111 0.5316158031088082 2 0 0 0 0 0 0 0 0 0 0 0 0
10 0.44583333333333336 0.434375 0.15520833333333334 0.1875 0.42761222222222217 0.5178883851468048 2 0.44409527777777774 0.34731053540587215 2 0 0 0 0 0 0 0 0 0 0 0 0
8 0.6510416666666666 0.4270833333333333 0.259375 0.140625 0.5655675925925926 0.36304045768566495 2 0.7094439814814814 0.4864515112262521 2 0 0 0 0 0 0 0 0 0 0 0 0
9 0.3854166666666667 0.24479166666666666 0.1 0.12083333333333333 0.3739208333333333 0.19709913644214164 2 0.36201657407407406 0.3006838514680483 2 0 0 0 0 0 0 0 0 0 0 0 0
6 0.5916666666666667 0.240625 0.4114583333333333 0.19479166666666667 0.4003338888888888 0.18723622625215885 2 0.6776813888888888 0.17969084628670118 2 0.6262924999999999 0.32557845423143356 2 0.4288433333333333 0.30150164075993086 2 0 0 0 0 0 0
7 0.678125 0.2375 0.10833333333333334 0.12395833333333334 0.6550794444444444 0.18046075129533676 2 0.6865806481481481 0.2889564766839378 2 0 0 0 0 0 0 0 0 0 0 0 0
1 0.6552083333333333 0.32083333333333336 0.115625 0.07604166666666666 0.6853958333333332 0.2899093264248704 2 0.6458818518518519 0.34855038860103627 2 0 0 0 0 0 0 0 0 0 0 0 0
3 0.3260416666666667 0.353125 0.11458333333333333 0.09479166666666666 0.3547275 0.31155820379965454 2 0.2953762037037037 0.3867296200345423 2 0 0 0 0 0 0 0 0 0 0 0 0
0 0.5427083333333333 0.11666666666666667 0.28020833333333334 0.11666666666666667 0.5201844444444444 0.06663989637305699 2 0.43333305555555557 0.07875561312607944 2 0.4385510185185185 0.14153497409326424 2 0.5286660185185185 0.16377327288428323 2 0.591401111111111 0.13347284110535407 2 0.5855523148148147 0.08782392055267703 2
2 0.671875 0.5666666666666667 0.30520833333333336 0.1375 0.5522085185185186 0.6217427461139896 2 0.7072396296296296 0.5023990500863558 2 0 0 0 0 0 0 0 0 0 0 0 0