5 0.5020833333333333 0.37604166666666666 0.4864583333333333 0.6708333333333333 0 0 0 0 0 0 0 0 0 0 0 0 0 0 0 0 0 0
4 0.465625 0.5604166666666667 0.10104166666666667 0.13645833333333332 0.490584074074074 0.6247067789291881 2 0.4468986111111111 0.5006501295336787 2 0 0 0 0 0 0 0 0 0 0 0 0
10 0.4354166666666667 0.4125 0.08541666666666667 0.146875 0.4469731481481481 0.47634494818652845 2 0.41515453703703703 0.3481141623488773 2 0 0 0 0 0 0 0 0 0 0 0 0
8 0.5895833333333333 0.40729166666666666 0.13645833333333332 0.153125 0.579310462962963 0.33591869602763386 2 0.548895 0.4778957685664939 2 0 0 0 0 0 0 0 0 0 0 0 0
9 0.3020833333333333 0.21979166666666666 0.16666666666666666 0.11354166666666667 0.34146120370370364 0.2684072107081174 2 0.34709416666666665 0.18070168393782382 2 0 0 0 0 0 0 0 0 0 0 0 0
6 0.48541666666666666 0.23333333333333334 0.2 0.153125 0.39188555555555554 0.16008307426597582 2 0.5606319444444444 0.1595012089810017 2 0.5757116666666666 0.30392828151986184 2 0.3941282407407407 0.3077266407599309 2 0 0 0 0 0 0
7 0.6364583333333333 0.215625 0.11875 0.09791666666666667 0.5945627777777778 0.17078825561312608 2 0.611408611111111 0.258997322970639 2 0 0 0 0 0 0 0 0 0 0 0 0
1 0.6333333333333333 0.321875 0.084375 0.11145833333333334 0.6175517592592592 0.2745721070811744 2 0.6405288888888889 0.37369278929188254 2 0 0 0 0 0 0 0 0 0 0 0 0
3 0.35625 0.3104166666666667 0.09166666666666666 0.090625 0.34157898148148147 0.35545354058721934 2 0.3355575 0.2733641191709844 2 0 0 0 0 0 0 0 0 0 0 0 0
0 0.48854166666666665 0.10416666666666667 0.19791666666666666 0.103125 0.4872675925925926 0.059677461139896366 2 0.4002400925925926 0.0767146804835924 2 0.4018961111111111 0.12783026770293607 2 0.4813955555555555 0.15040591537132988 2 0.5693935185185185 0.12718778065630396 2 0.5594382407407408 0.08282124352331605 2
2 0.5489583333333333 0.571875 0.07395833333333333 0.125 0.531466574074074 0.6264142487046631 2 0.5421902777777777 0.5136996977547496 2 0 0 0 0 0 0 0 0 0 0 0 0