5 0.4822916666666667 0.41041666666666665 0.55625 0.5708333333333333 0 0 0 0 0 0 0 0 0 0 0 0 0 0 0 0 0 0
10 0.41770833333333335 0.4552083333333333 0.14479166666666668 0.15416666666666667 0.37543407407407403 0.5209260794473229 2 0.4674804629629629 0.3826741364421416 2 0 0 0 0 0 0 0 0 0 0 0 0
4 0.38645833333333335 0.571875 0.06770833333333333 0.14895833333333333 0.4313693518518518 0.6379111830742659 2 0.39423759259259256 0.5024843696027633 2 0 0 0 0 0 0 0 0 0 0 0 0
8 0.5708333333333333 0.465625 0.11041666666666666 0.134375 0.5642180555555555 0.5162878670120897 2 0.5648627777777777 0.4057998272884283 2 0 0 0 0 0 0 0 0 0 0 0 0
2 0.5333333333333333 0.571875 0.10208333333333333 0.1625 0.5314850925925926 0.6382822538860103 2 0.5610450925925926 0.5025841537132988 2 0 0 0 0 0 0 0 0 0 0 0 0
6 0.5083333333333333 0.3177083333333333 0.20625 0.15104166666666666 0.4080949074074074 0.2415657599309154 2 0.6125982407407408 0.2641056131260794 2 0.599924537037037 0.3845110535405872 2 0.4371526851851852 0.391695207253886 2 0 0 0 0 0 0
3 0.6208333333333333 0.3875 0.052083333333333336 0.09583333333333334 0.6319806481481481 0.41790634715025904 2 0.6252449074074075 0.3470536701208981 2 0 0 0 0 0 0 0 0 0 0 0 0
7 0.621875 0.30833333333333335 0.051041666666666666 0.08125 0.6250149074074075 0.3444996977547496 2 0.6106977777777778 0.277364378238342 2 0 0 0 0 0 0 0 0 0 0 0 0
1 0.390625 0.365625 0.05625 0.096875 0.38227 0.4065974525043178 2 0.392825462962963 0.3258625215889464 2 0 0 0 0 0 0 0 0 0 0 0 0
9 0.38125 0.2791666666666667 0.0875 0.10104166666666667 0.3894437037037037 0.24430073402417962 2 0.3856879629629629 0.3210090673575129 2 0 0 0 0 0 0 0 0 0 0 0 0
0 0.5052083333333334 0.18854166666666666 0.12291666666666666 0.06979166666666667 0.5053867254556142 0.1576025582901554 2 0.46334472222222217 0.1676757340241796 2 0.45179018518518516 0.20904114853195163 2 0.5063768518518518 0.22237042314335062 2 0.5494896296296297 0.2140108376511226 2 0.5548232407407407 0.16879006908462865 2