5 0.5166666666666667 0.43333333333333335 0.75625 0.8104166666666667 0 0 0 0 0 0 0 0 0 0 0 0 0 0 0 0 0 0
10 0.378125 0.5260416666666666 0.134375 0.23854166666666668 0.3439308333333333 0.6339560449050086 2 0.37814666666666663 0.41390902417962 2 0 0 0 0 0 0 0 0 0 0 0 0
4 0.340625 0.70625 0.09479166666666666 0.21145833333333333 0.3380534259259259 0.787802590673575 2 0.3442283333333333 0.6127467184801382 2 0 0 0 0 0 0 0 0 0 0 0 0
2 0.6260416666666667 0.7114583333333333 0.07604166666666666 0.18854166666666666 0.6277126851851852 0.7912433074265975 2 0.6160532407407406 0.6250402417962003 2 0 0 0 0 0 0 0 0 0 0 0 0
8 0.5791666666666667 0.525 0.14895833333333333 0.21770833333333334 0.5765877777777777 0.6154789291882555 2 0.5494313888888889 0.4314145509499136 2 0 0 0 0 0 0 0 0 0 0 0 0
9 0.33125 0.25416666666666665 0.096875 0.15520833333333334 0.3172924074074074 0.31785505181347146 2 0.3597546296296297 0.18139127806563035 2 0 0 0 0 0 0 0 0 0 0 0 0
6 0.48125 0.2677083333333333 0.21875 0.19895833333333332 0.3856879629629629 0.17310794473229707 2 0.5793909259259259 0.17081411917098446 2 0.5726997222222222 0.3537551381692573 2 0.3729926851851852 0.3568163644214162 2 0 0 0 0 0 0
0 0.45416666666666666 0.10520833333333333 0.25625 0.128125 0.5527886111111111 0.05892262521588946 2 0.4204906138545953 0.055253367532965975 2 0.3772243518518518 0.10755682210708116 2 0.41952398148148146 0.15991843696027633 2 0.5313042592592592 0.15797037996545765 2 0.5492621296296296 0.1162261226252159 2
3 0.31145833333333334 0.3927083333333333 0.09479166666666666 0.12708333333333333 0.2819553703703704 0.4530895941278065 2 0.3307834259259259 0.3195501295336787 2 0 0 0 0 0 0 0 0 0 0 0 0
1 0.6822916666666666 0.4 0.096875 0.140625 0.6663773148148148 0.4429275906735751 2 0.6961697222222222 0.33877007772020723 2 0 0 0 0 0 0 0 0 0 0 0 0
7 0.68125 0.2520833333333333 0.10104166666666667 0.19270833333333334 0.6703377777777777 0.31848756476683937 2 0.6731951851851851 0.162735103626943 2 0 0 0 0 0 0 0 0 0 0 0 0