5 0.484375 0.41458333333333336 0.690625 0.7291666666666666 0 0 0 0 0 0 0 0 0 0 0 0 0 0 0 0 0 0
2 0.528125 0.6375 0.09166666666666666 0.16354166666666667 0.5109591666666666 0.701337176165803 2 0.5576533333333332 0.5640196027633851 2 0 0 0 0 0 0 0 0 0 0 0 0
10 0.403125 0.48125 0.11875 0.15520833333333334 0.420916574074074 0.5442016839378238 2 0.4172814814814814 0.41517409326424864 2 0 0 0 0 0 0 0 0 0 0 0 0
4 0.4322916666666667 0.6291666666666667 0.1 0.16041666666666668 0.4387116666666666 0.6804819084628669 2 0.41102416666666663 0.5574248704663212 2 0 0 0 0 0 0 0 0 0 0 0 0
8 0.5604166666666667 0.46041666666666664 0.11041666666666666 0.153125 0.5494249074074075 0.5236079015544041 2 0.5719943518518519 0.3910635578583765 2 0 0 0 0 0 0 0 0 0 0 0 0
9 0.27395833333333336 0.24791666666666667 0.17604166666666668 0.1125 0.22549555555555553 0.2930699481865285 2 0.3509836111111111 0.19668907599309152 2 0 0 0 0 0 0 0 0 0 0 0 0
6 0.49375 0.253125 0.25625 0.17395833333333333 0.3822879629629629 0.17116830742659758 2 0.6203884259259259 0.1783365284974093 2 0.6035155555555555 0.33643337651122623 2 0.40668398148148144 0.336365932642487 2 0 0 0 0 0 0
0 0.4895833333333333 0.10833333333333334 0.278125 0.12291666666666666 0.5531863888888888 0.06319831606217616 2 0.45342778120713306 0.06032185101228171 2 0.4041521296296296 0.09321200345423142 2 0.4277705555555556 0.15205030224525043 2 0.5321180555555556 0.16103164939550949 2 0.5795354629629629 0.11005310880829015 2
3 0.28958333333333336 0.32395833333333335 0.19270833333333334 0.08958333333333333 0.33787249999999996 0.3530214594127807 2 0.24092166666666665 0.2844512953367876 2 0 0 0 0 0 0 0 0 0 0 0 0
1 0.6947916666666667 0.32916666666666666 0.21041666666666667 0.1 0.7359844444444444 0.28016722797927457 2 0.616681111111111 0.34952167530224526 2 0 0 0 0 0 0 0 0 0 0 0 0
7 0.690625 0.228125 0.19270833333333334 0.11770833333333333 0.6331380555555555 0.18106873920552677 2 0.7514287037037037 0.2753602763385147 2 0 0 0 0 0 0 0 0 0 0 0 0