5 0.7541666666666667 0.4395833333333333 0.378125 0.38333333333333336 0 0 0 0 0 0 0 0 0 0 0 0 0 0 0 0 0 0
2 0.6854166666666667 0.5479166666666667 0.0625 0.09270833333333334 0.6873978703703703 0.5904151986183074 2 0.690998611111111 0.5082541018998273 2 0 0 0 0 0 0 0 0 0 0 0 0
10 0.8083333333333333 0.4791666666666667 0.13541666666666666 0.10625 0.8393404629629628 0.5244638601036269 2 0.7531907407407407 0.4271997841105354 2 0 0 0 0 0 0 0 0 0 0 0 0
8 0.840625 0.5697916666666667 0.046875 0.08125 0.8444556481481481 0.6018492227979274 2 0.8465993518518519 0.539978151986183 2 0 0 0 0 0 0 0 0 0 0 0 0
4 0.7041666666666667 0.46770833333333334 0.05625 0.08333333333333333 0.6955767592592592 0.504090932642487 2 0.713272037037037 0.4299572970639033 2 0 0 0 0 0 0 0 0 0 0 0 0
6 0.7458333333333333 0.38333333333333336 0.13125 0.07916666666666666 0.6934855555555555 0.34440967184801374 2 0.794725462962963 0.34999261658031083 2 0.7816737962962963 0.4205024611398963 2 0.6951252777777779 0.4202560017271157 2 0 0 0 0 0 0
9 0.6708333333333333 0.37916666666666665 0.028125 0.06458333333333334 0.6735955555555555 0.3993081606217616 2 0.6732962962962963 0.3543865284974093 2 0 0 0 0 0 0 0 0 0 0 0 0
3 0.6708333333333333 0.434375 0.021875 0.06041666666666667 0.6773688888888889 0.40896597582037997 2 0.6677482407407407 0.45420746977547494 2 0 0 0 0 0 0 0 0 0 0 0 0
7 0.8302083333333333 0.33541666666666664 0.096875 0.03958333333333333 0.800675925925926 0.3493958981001727 2 0.8539058333333334 0.3172224093264248 2 0 0 0 0 0 0 0 0 0 0 0 0
1 0.7947916666666667 0.2916666666666667 0.128125 0.019791666666666666 0.8354241666666666 0.3029567789291882 2 0.7517539814814815 0.28203674438687387 2 0 0 0 0 0 0 0 0 0 0 0 0
0 0.7416666666666667 0.32083333333333336 0.1125 0.046875 0.7413291749951009 0.29963702041697504 2 0.6962641666666667 0.3089426165803109 2 0.7045916666666666 0.3362397236614853 2 0.7390626851851851 0.3406332901554404 2 0.7680986111111111 0.3301740932642487 2 0.7587836111111111 0.30949762521588947 2