5 0.45416666666666666 0.44895833333333335 0.5572916666666666 0.7 0 0 0 0 0 0 0 0 0 0 0 0 0 0 0 0 0 0
4 0.4552083333333333 0.6260416666666667 0.071875 0.15520833333333334 0.44694009259259254 0.671905310880829 2 0.4436792592592592 0.5498511226252158 2 0 0 0 0 0 0 0 0 0 0 0 0
10 0.41041666666666665 0.490625 0.13645833333333332 0.153125 0.433015 0.5608993523316061 2 0.40180120370370365 0.40841899827288425 2 0 0 0 0 0 0 0 0 0 0 0 0
2 0.553125 0.6302083333333334 0.14479166666666668 0.15 0.5259331481481481 0.6929630397236615 2 0.5636574074074073 0.5636064335060449 2 0 0 0 0 0 0 0 0 0 0 0 0
8 0.5427083333333333 0.478125 0.15625 0.171875 0.5431134259259259 0.5575851899827288 2 0.5606642592592591 0.4096575561312607 2 0 0 0 0 0 0 0 0 0 0 0 0
6 0.43854166666666666 0.32395833333333335 0.25625 0.18333333333333332 0.32582824074074074 0.24977400690846283 2 0.5715060185185185 0.23112819516407598 2 0.561740462962963 0.41006347150259065 2 0.36973740740740735 0.4099538428324697 2 0 0 0 0 0 0
3 0.321875 0.44166666666666665 0.06458333333333334 0.103125 0.3333189814814815 0.39773324697754747 2 0.3332971296296296 0.4684632556131261 2 0 0 0 0 0 0 0 0 0 0 0 0
9 0.31875 0.315625 0.13541666666666666 0.11770833333333333 0.3303493518518518 0.36461705526770294 2 0.32852185185185184 0.2688717184801382 2 0 0 0 0 0 0 0 0 0 0 0 0
7 0.6114583333333333 0.2864583333333333 0.09895833333333333 0.07916666666666666 0.595606574074074 0.25537499999999996 2 0.6277669444444444 0.31368907599309154 2 0 0 0 0 0 0 0 0 0 0 0 0
1 0.6677083333333333 0.2760416666666667 0.08333333333333333 0.09895833333333333 0.6651475925925926 0.30966645077720206 2 0.6585829629629629 0.23461955958549222 2 0 0 0 0 0 0 0 0 0 0 0 0
0 0.48020833333333335 0.175 0.2791666666666667 0.12916666666666668 0.5493163888888889 0.12531705526770293 2 0.43281611111111107 0.12034149395509498 2 0.3602973148148148 0.14279905008635577 2 0.3568793518518519 0.19636662348877373 2 0.4744647222222222 0.23057163212435233 2 0.5697518518518518 0.18122063903281518 2