5 0.7895833333333333 0.365625 0.33958333333333335 0.4197916666666667 0 0 0 0 0 0 0 0 0 0 0 0 0 0 0 0 0 0
2 0.8395833333333333 0.5083333333333333 0.08333333333333333 0.11354166666666667 0.8313448148148147 0.5611419689119171 2 0.8326024999999999 0.4538777202072539 2 0 0 0 0 0 0 0 0 0 0 0 0
10 0.7395833333333334 0.43020833333333336 0.11458333333333333 0.11770833333333333 0.7091710185185185 0.48223126079447326 2 0.7656437962962962 0.3724132124352331 2 0 0 0 0 0 0 0 0 0 0 0 0
8 0.8364583333333333 0.42083333333333334 0.04583333333333333 0.11354166666666667 0.8340683333333333 0.4624551813471502 2 0.8431514814814814 0.3745199481865285 2 0 0 0 0 0 0 0 0 0 0 0 0
4 0.6854166666666667 0.5125 0.10625 0.11041666666666666 0.6532914814814814 0.5588597150259067 2 0.7201144444444444 0.4608934801381693 2 0 0 0 0 0 0 0 0 0 0 0 0
6 0.778125 0.325 0.16145833333333334 0.090625 0.711434537037037 0.27859296200345424 2 0.8493433333333333 0.28566839378238335 2 0.8231914814814815 0.36111658031088084 2 0.7322854629629629 0.3640631260794473 2 0 0 0 0 0 0
9 0.7322916666666667 0.271875 0.040625 0.04583333333333333 0.7357985185185185 0.2886183937823834 2 0.7407300925925926 0.2568544041450777 2 0 0 0 0 0 0 0 0 0 0 0 0
3 0.7489583333333333 0.221875 0.04895833333333333 0.057291666666666664 0.7417103703703704 0.2422823402417962 2 0.7621499999999999 0.19780695164075993 2 0 0 0 0 0 0 0 0 0 0 0 0
7 0.875 0.25729166666666664 0.08125 0.053125 0.8535893518518518 0.23851433506044903 2 0.8756113888888888 0.2789890759930915 2 0 0 0 0 0 0 0 0 0 0 0 0
1 0.8375 0.22708333333333333 0.09583333333333334 0.06458333333333334 0.8408054629629629 0.249752115716753 2 0.8104887962962962 0.19522025043177893 2 0 0 0 0 0 0 0 0 0 0 0 0
0 0.7895833333333333 0.26666666666666666 0.1125 0.046875 0.7892965824025083 0.24576866981248455 2 0.744231574074074 0.25507426597582034 2 0.7525590740740741 0.2823713730569948 2 0.7870300925925925 0.2867649395509499 2 0.8160660185185186 0.27630574265975816 2 0.8067510185185185 0.25562927461139895 2