5 0.5177083333333333 0.38645833333333335 0.5729166666666666 0.6729166666666667 0 0 0 0 0 0 0 0 0 0 0 0 0 0 0 0 0 0
2 0.5510416666666667 0.5541666666666667 0.09583333333333334 0.15729166666666666 0.5427155555555555 0.6253457685664938 2 0.5624458333333333 0.48344900690846276 2 0 0 0 0 0 0 0 0 0 0 0 0
10 0.43333333333333335 0.38229166666666664 0.11875 0.15520833333333334 0.42961518518518516 0.44431066493955096 2 0.4534686111111111 0.32891101036269427 2 0 0 0 0 0 0 0 0 0 0 0 0
4 0.4625 0.5322916666666667 0.13645833333333332 0.1625 0.4630352777777778 0.5955512953367876 2 0.43495824074074074 0.461640932642487 2 0 0 0 0 0 0 0 0 0 0 0 0
8 0.55 0.3927083333333333 0.10104166666666667 0.153125 0.5720124074074074 0.4503319084628669 2 0.5436739814814815 0.3326805699481865 2 0 0 0 0 0 0 0 0 0 0 0 0
9 0.3770833333333333 0.25416666666666665 0.08125 0.11458333333333333 0.36747685185185186 0.3113615284974093 2 0.4069732407407407 0.20207789291882555 2 0 0 0 0 0 0 0 0 0 0 0 0
6 0.48541666666666666 0.2625 0.21458333333333332 0.15520833333333334 0.38715277777777773 0.2066298359240069 2 0.6068974074074074 0.19508480138169257 2 0.5742549074074074 0.32778933506044905 2 0.3966651851851851 0.32910492227979277 2 0 0 0 0 0 0
0 0.48541666666666666 0.1375 0.278125 0.12291666666666666 0.5491354629629629 0.09284088946459411 2 0.4493768552812071 0.08996442441469968 2 0.4001012037037037 0.1228545768566494 2 0.4237196296296296 0.1816928756476684 2 0.5280671296296295 0.19067422279792742 2 0.575484537037037 0.1396956822107081 2
3 0.36354166666666665 0.35833333333333334 0.11979166666666667 0.07395833333333333 0.3605143518518518 0.38177016407599307 2 0.3604600925925926 0.3266846286701208 2 0 0 0 0 0 0 0 0 0 0 0 0
1 0.6427083333333333 0.29583333333333334 0.10520833333333333 0.065625 0.6740632407407408 0.2635791450777202 2 0.6093026851851852 0.3117241364421416 2 0 0 0 0 0 0 0 0 0 0 0 0
7 0.6333333333333333 0.21875 0.12916666666666668 0.09375 0.6071144444444444 0.18352284110535405 2 0.6637188888888889 0.2533749568221071 2 0 0 0 0 0 0 0 0 0 0 0 0