5 0.47708333333333336 0.340625 0.675 0.59375 0 0 0 0 0 0 0 0 0 0 0 0 0 0 0 0 0 0
10 0.42916666666666664 0.38645833333333335 0.14479166666666668 0.15416666666666667 0.38708046296296295 0.45259201208981 2 0.47912685185185183 0.31434006908462864 2 0 0 0 0 0 0 0 0 0 0 0 0
4 0.35520833333333335 0.5125 0.20416666666666666 0.15104166666666666 0.29748990740740744 0.578204274611399 2 0.4308044444444444 0.4423051813471502 2 0 0 0 0 0 0 0 0 0 0 0 0
8 0.6083333333333333 0.378125 0.11770833333333333 0.15416666666666667 0.612792962962963 0.443619127806563 2 0.5978488888888888 0.30847245250431776 2 0 0 0 0 0 0 0 0 0 0 0 0
2 0.646875 0.50625 0.13125 0.1625 0.6544053703703703 0.5757755181347151 2 0.6593885185185184 0.43715107944732295 2 0 0 0 0 0 0 0 0 0 0 0 0
6 0.5010416666666667 0.2125 0.20625 0.15104166666666666 0.40060796296296297 0.13577992227979274 2 0.6051112962962963 0.15831977547495682 2 0.5924375925925925 0.27872521588946453 2 0.4296657407407407 0.2859093696027634 2 0 0 0 0 0 0
3 0.54375 0.17604166666666668 0.05 0.09583333333333334 0.5309948148148147 0.2107341537132988 2 0.5616960185185185 0.13526273747841105 2 0 0 0 0 0 0 0 0 0 0 0 0
7 0.625 0.20208333333333334 0.051041666666666666 0.08125 0.6280892592592592 0.23765129533678755 2 0.6137721296296296 0.17051597582037997 2 0 0 0 0 0 0 0 0 0 0 0 0
1 0.5302083333333333 0.253125 0.2708333333333333 0.022916666666666665 0.6336245370370369 0.2520243523316062 2 0.42508824074074075 0.24991329879101898 2 0 0 0 0 0 0 0 0 0 0 0 0
9 0.4510416666666667 0.175 0.19895833333333332 0.10416666666666667 0.40344111111111114 0.13837996545768566 2 0.5285649074074074 0.21538881692573403 2 0 0 0 0 0 0 0 0 0 0 0 0
0 0.5114583333333333 0.08541666666666667 0.12291666666666666 0.06979166666666667 0.5109386699000588 0.05387440630397236 2 0.46889666666666663 0.06394758203799654 2 0.4573421296296296 0.10531299654576856 2 0.5119287962962963 0.11864227115716754 2 0.5550415740740741 0.11028268566493954 2 0.5603751851851851 0.0650619170984456 2