5 0.484375 0.37083333333333335 0.6083333333333333 0.6947916666666667 0 0 0 0 0 0 0 0 0 0 0 0 0 0 0 0 0 0
2 0.5541666666666667 0.5677083333333334 0.07604166666666666 0.18854166666666666 0.5555916666666666 0.6470274611398963 2 0.5439322222222223 0.4808243955094991 2 0 0 0 0 0 0 0 0 0 0 0 0
10 0.43125 0.4375 0.140625 0.16354166666666667 0.4436306481481481 0.49791191709844557 2 0.4272098148148148 0.3630231865284974 2 0 0 0 0 0 0 0 0 0 0 0 0
4 0.4822916666666667 0.5802083333333333 0.10208333333333333 0.16458333333333333 0.4929832407407408 0.6443963298791019 2 0.43741768518518515 0.5101655008635578 2 0 0 0 0 0 0 0 0 0 0 0 0
8 0.578125 0.4197916666666667 0.1375 0.18541666666666667 0.562934074074074 0.48096968911917093 2 0.5538556481481481 0.34273294473229704 2 0 0 0 0 0 0 0 0 0 0 0 0
9 0.3385416666666667 0.24166666666666667 0.0875 0.1125 0.3611473148148148 0.28697275474956824 2 0.36517990740740736 0.19095453367875645 2 0 0 0 0 0 0 0 0 0 0 0 0
6 0.490625 0.26458333333333334 0.21875 0.19895833333333332 0.39586953703703703 0.16945639032815196 2 0.5895724999999999 0.16716256476683938 2 0.5828812962962963 0.35010358376511225 2 0.3831742592592592 0.3531648100172712 2 0 0 0 0 0 0
0 0.46875 0.09791666666666667 0.278125 0.12291666666666666 0.5319913888888889 0.052808592400690836 2 0.43223278120713304 0.04993212735079639 2 0.38295712962962963 0.0828222797927461 2 0.4065755555555555 0.1416605785837651 2 0.5109230555555555 0.15064192573402418 2 0.5583404629629629 0.09966338514680483 2
3 0.32916666666666666 0.359375 0.08229166666666667 0.09479166666666666 0.34306277777777777 0.4020857081174439 2 0.33765555555555554 0.3197525474956822 2 0 0 0 0 0 0 0 0 0 0 0 0
1 0.6645833333333333 0.3375 0.08229166666666667 0.09791666666666667 0.6692708333333334 0.28971355785837644 2 0.6945710185185184 0.37073113126079443 2 0 0 0 0 0 0 0 0 0 0 0 0
7 0.6427083333333333 0.23020833333333332 0.11666666666666667 0.13333333333333333 0.6234447222222221 0.17481986183074263 2 0.6636103703703704 0.28443436960276336 2 0 0 0 0 0 0 0 0 0 0 0 0