5 0.74375 0.3020833333333333 0.384375 0.28541666666666665 0 0 0 0 0 0 0 0 0 0 0 0 0 0 0 0 0 0
2 0.8333333333333334 0.38645833333333335 0.08125 0.059375 0.8507051851851852 0.41090634715025903 2 0.807490462962963 0.3603460276338515 2 0 0 0 0 0 0 0 0 0 0 0 0
10 0.728125 0.34270833333333334 0.040625 0.06145833333333333 0.7346642592592593 0.36707215025906736 2 0.7210910185185184 0.3175028929188255 2 0 0 0 0 0 0 0 0 0 0 0 0
8 0.8083333333333333 0.346875 0.09166666666666666 0.06979166666666667 0.8235931481481481 0.37664995682210706 2 0.7914700925925925 0.3108527633851468 2 0 0 0 0 0 0 0 0 0 0 0 0
4 0.7354166666666667 0.384375 0.042708333333333334 0.06041666666666667 0.7329073148148147 0.40639537996545766 2 0.7282149074074074 0.3587229706390328 2 0 0 0 0 0 0 0 0 0 0 0 0
6 0.7427083333333333 0.284375 0.13125 0.08333333333333333 0.6908854629629629 0.24765189982728839 2 0.7801587962962963 0.24397474093264246 2 0.7957989814814815 0.3162113126079447 2 0.692525185185185 0.3234982297063903 2 0 0 0 0 0 0
9 0.6697916666666667 0.26875 0.05 0.040625 0.6478505555555555 0.2829894645941278 2 0.6900261111111111 0.25330582901554405 2 0 0 0 0 0 0 0 0 0 0 0 0
3 0.6416666666666667 0.2604166666666667 0.029166666666666667 0.036458333333333336 0.644603148148148 0.24662556131260793 2 0.6427312962962962 0.27748251295336784 2 0 0 0 0 0 0 0 0 0 0 0 0
7 0.7989583333333333 0.27395833333333336 0.034375 0.04791666666666667 0.8002705555555555 0.2925704663212435 2 0.7967568518518517 0.2563588514680483 2 0 0 0 0 0 0 0 0 0 0 0 0
1 0.8135416666666667 0.30416666666666664 0.05520833333333333 0.03958333333333333 0.8093434259259259 0.2909193436960276 2 0.8211816666666666 0.31565544041450777 2 0 0 0 0 0 0 0 0 0 0 0 0
0 0.75625 0.22916666666666666 0.1125 0.046875 0.755992786106212 0.2075629703306193 2 0.7109277777777778 0.21686856649395508 2 0.719434074074074 0.23506545768566495 2 0.7537262962962963 0.2485592400690846 2 0.7827622222222222 0.2381000431778929 2 0.7734472222222222 0.21742357512953364 2