5 0.5291666666666667 0.353125 0.7708333333333334 0.6447916666666667 0 0 0 0 0 0 0 0 0 0 0 0 0 0 0 0 0 0
4 0.4510416666666667 0.521875 0.09375 0.13125 0.47770842592592594 0.5789697322970639 2 0.44340490740740734 0.46219952504317785 2 0 0 0 0 0 0 0 0 0 0 0 0
10 0.440625 0.378125 0.15520833333333334 0.1875 0.4229336111111111 0.46118747841105356 2 0.39119564814814817 0.2876945595854922 2 0 0 0 0 0 0 0 0 0 0 0 0
8 0.6145833333333334 0.37604166666666666 0.259375 0.140625 0.5295137962962964 0.31148134715025905 2 0.6181557407407408 0.4392182642487047 2 0 0 0 0 0 0 0 0 0 0 0 0
9 0.33958333333333335 0.17916666666666667 0.23645833333333333 0.084375 0.39739166666666664 0.14962120034542312 2 0.25451287037037035 0.21615708117443866 2 0 0 0 0 0 0 0 0 0 0 0 0
6 0.5104166666666666 0.22395833333333334 0.3020833333333333 0.165625 0.3741562037037037 0.15745414507772018 2 0.6515037037037037 0.1499087651122625 2 0.6001148148148148 0.29579637305699474 2 0.40266564814814815 0.27171955958549227 2 0 0 0 0 0 0
7 0.6760416666666667 0.11354166666666667 0.159375 0.06875 0.7266768518518519 0.08546053540587219 2 0.6166855555555555 0.13783644214162347 2 0 0 0 0 0 0 0 0 0 0 0 0
1 0.6447916666666667 0.07916666666666666 0.23645833333333333 0.026041666666666668 0.7265421296296296 0.0762114853195164 2 0.5758497222222221 0.08135444732297063 2 0 0 0 0 0 0 0 0 0 0 0 0
3 0.3104166666666667 0.23125 0.18229166666666666 0.036458333333333336 0.23877407407407406 0.21913087219343694 2 0.3746951851851852 0.2463303540587219 2 0 0 0 0 0 0 0 0 0 0 0 0
0 0.521875 0.090625 0.28020833333333334 0.11666666666666667 0.49938583333333325 0.04068894645941278 2 0.4125344444444444 0.05280466321243523 2 0.4177524074074074 0.11558402417962003 2 0.5078674074074073 0.13782232297063904 2 0.5706025 0.10752189119170984 2 0.5647537037037036 0.06187297063903281 2
2 0.596875 0.5052083333333334 0.30520833333333336 0.1375 0.5096915740740741 0.5683277633851468 2 0.6313268518518519 0.4412177461139896 2 0 0 0 0 0 0 0 0 0 0 0 0