5 0.4583333333333333 0.490625 0.3802083333333333 0.45 0 0 0 0 0 0 0 0 0 0 0 0 0 0 0 0 0 0
8 0.48020833333333335 0.521875 0.13645833333333332 0.103125 0.4437844444444444 0.5639164075993092 2 0.5244501851851852 0.48142025043177894 2 0 0 0 0 0 0 0 0 0 0 0 0
7 0.61875 0.3802083333333333 0.08125 0.075 0.5937490740740741 0.3510821675302245 2 0.6228691666666666 0.4048565630397236 2 0 0 0 0 0 0 0 0 0 0 0 0
4 0.49270833333333336 0.6010416666666667 0.071875 0.08125 0.49609509259259255 0.6349717184801381 2 0.481605 0.561952115716753 2 0 0 0 0 0 0 0 0 0 0 0 0
10 0.48854166666666665 0.5114583333333333 0.14375 0.1125 0.4844923148148148 0.5641753454231433 2 0.4438423148148148 0.4627063039723661 2 0 0 0 0 0 0 0 0 0 0 0 0
2 0.41458333333333336 0.6177083333333333 0.14479166666666668 0.13125 0.3741101851851852 0.6644737910189983 2 0.46862268518518513 0.5601196027633851 2 0 0 0 0 0 0 0 0 0 0 0 0
6 0.5145833333333333 0.4114583333333333 0.15520833333333334 0.14583333333333334 0.4525666666666666 0.3569252158894646 2 0.5895069444444444 0.34752465457685666 2 0.582311574074074 0.47453626943005184 2 0.44974194444444443 0.47174196891191705 2 0 0 0 0 0 0
3 0.43645833333333334 0.4708333333333333 0.09479166666666666 0.09166666666666666 0.4323638888888889 0.4284181778929188 2 0.41574055555555556 0.5064344559585492 2 0 0 0 0 0 0 0 0 0 0 0 0
9 0.45625 0.40208333333333335 0.0875 0.10104166666666667 0.4381836111111111 0.4370493955094991 2 0.45185444444444445 0.3636772884283247 2 0 0 0 0 0 0 0 0 0 0 0 0
1 0.621875 0.4552083333333333 0.03958333333333333 0.07291666666666667 0.6106879629629629 0.48128471502590675 2 0.6274530555555555 0.4278427892918826 2 0 0 0 0 0 0 0 0 0 0 0 0
0 0.509375 0.3145833333333333 0.21041666666666667 0.090625 0.571171574074074 0.3019903713298791 2 0.5084612962962962 0.2804234887737478 2 0.43650814814814815 0.3048062607944732 2 0.4353860185185185 0.33502042314335057 2 0.5176062962962963 0.3566147236614853 2 0.5792113888888889 0.32593622625215884 2