5 0.475 0.39791666666666664 0.6354166666666666 0.6364583333333333 0 0 0 0 0 0 0 0 0 0 0 0 0 0 0 0 0 0
8 0.5125 0.45 0.10104166666666667 0.175 0.5400752777777778 0.5185563903281519 2 0.5004843518518518 0.37640651986183077 2 0 0 0 0 0 0 0 0 0 0 0 0
2 0.5625 0.5833333333333334 0.1375 0.13541666666666666 0.5963361111111111 0.640576079447323 2 0.534616574074074 0.5212967616580311 2 0 0 0 0 0 0 0 0 0 0 0 0
10 0.409375 0.434375 0.08333333333333333 0.15520833333333334 0.3885090740740741 0.4952807858376511 2 0.37918472222222216 0.3764565630397236 2 0 0 0 0 0 0 0 0 0 0 0 0
6 0.4875 0.30520833333333336 0.21875 0.14270833333333333 0.3874842592592592 0.2410906303972366 2 0.6005196296296297 0.23822331606217614 2 0.5462392592592592 0.3585757772020725 2 0.42104472222222217 0.3541224956822107 2 0 0 0 0 0 0
9 0.35 0.2791666666666667 0.175 0.07395833333333333 0.40777648148148143 0.2464004749568221 2 0.296657962962963 0.3049691709844559 2 0 0 0 0 0 0 0 0 0 0 0 0
3 0.3333333333333333 0.33125 0.15729166666666666 0.042708333333333334 0.3778935185185185 0.3332709412780656 2 0.28640333333333334 0.3157731001727116 2 0 0 0 0 0 0 0 0 0 0 0 0
0 0.471875 0.1875 0.19791666666666666 0.11458333333333333 0.5226966666666666 0.14521386010362694 2 0.4442231481481481 0.1422390328151986 2 0.39461027777777774 0.1836938687392055 2 0.4335780555555555 0.2334594127806563 2 0.5297197222222222 0.2295482297063903 2 0.5511442592592594 0.1856472366148532 2
7 0.6479166666666667 0.28229166666666666 0.134375 0.07916666666666666 0.6986202777777778 0.31948449913644217 2 0.5951869444444444 0.2549338514680483 2 0 0 0 0 0 0 0 0 0 0 0 0
1 0.6302083333333334 0.34479166666666666 0.175 0.05 0.7018493518518518 0.33146575993091537 2 0.573947037037037 0.35982741796200346 2 0 0 0 0 0 0 0 0 0 0 0 0
4 0.390625 0.5927083333333333 0.07604166666666666 0.18020833333333333 0.38079046296296293 0.6458665803108807 2 0.3904363888888888 0.5124252590673575 2 0 0 0 0 0 0 0 0 0 0 0 0