5 0.634375 0.428125 0.49895833333333334 0.753125 0 0 0 0 0 0 0 0 0 0 0 0 0 0 0 0 0 0
2 0.5864583333333333 0.64375 0.13333333333333333 0.14166666666666666 0.5390262962962963 0.6937557426597581 2 0.5956669444444443 0.5798825129533679 2 0 0 0 0 0 0 0 0 0 0 0 0
4 0.5583333333333333 0.6510416666666666 0.15 0.18020833333333333 0.5939670370370371 0.7240308290155439 2 0.5463653703703704 0.5705687392055268 2 0 0 0 0 0 0 0 0 0 0 0 0
8 0.6604166666666667 0.48854166666666665 0.14375 0.159375 0.6290509259259258 0.5504591105354059 2 0.6921838888888888 0.4247456822107081 2 0 0 0 0 0 0 0 0 0 0 0 0
10 0.5354166666666667 0.478125 0.09166666666666666 0.15520833333333334 0.5400751851851852 0.5423295336787565 2 0.5178593518518518 0.4122523316062176 2 0 0 0 0 0 0 0 0 0 0 0 0
6 0.634375 0.2604166666666667 0.22708333333333333 0.1625 0.5397178703703704 0.18615518134715023 2 0.7708875925925924 0.19027793609671845 2 0.7213903703703703 0.33614667530224523 2 0.5565321296296297 0.332604749568221 2 0 0 0 0 0 0
3 0.5010416666666667 0.35520833333333335 0.13645833333333332 0.11458333333333333 0.4827835185185185 0.4044806994818652 2 0.5134837037037037 0.3105247841105354 2 0 0 0 0 0 0 0 0 0 0 0 0
9 0.5135416666666667 0.23645833333333333 0.10416666666666667 0.09895833333333333 0.4948097222222222 0.27558795336787567 2 0.5405767592592593 0.20043665803108807 2 0 0 0 0 0 0 0 0 0 0 0 0
7 0.8010416666666667 0.23125 0.11041666666666666 0.1125 0.7861993518518519 0.18311731433506043 2 0.7851562962962962 0.26799810017271153 2 0 0 0 0 0 0 0 0 0 0 0 0
1 0.7322916666666667 0.196875 0.125 0.13125 0.7726237037037037 0.24191424870466322 2 0.6850224074074074 0.15350919689119172 2 0 0 0 0 0 0 0 0 0 0 0 0
0 0.6479166666666667 0.12604166666666666 0.34270833333333334 0.146875 0.724591388888889 0.06885695164075993 2 0.5917969444444445 0.06817383419689119 2 0.5071796296296296 0.1184440414507772 2 0.5419741666666665 0.17642219343696025 2 0.7016059259259259 0.17052737478411054 2 0.7531648148148148 0.12938186528497406 2