5 0.7375 0.2864583333333333 0.428125 0.3614583333333333 0 0 0 0 0 0 0 0 0 0 0 0 0 0 0 0 0 0
2 0.7770833333333333 0.39166666666666666 0.057291666666666664 0.06770833333333333 0.7767739814814814 0.41726865284974085 2 0.7781472222222221 0.36947651122625214 2 0 0 0 0 0 0 0 0 0 0 0 0
10 0.7697916666666667 0.315625 0.09375 0.07291666666666667 0.790170462962963 0.34545949913644214 2 0.7387283333333332 0.2844012521588946 2 0 0 0 0 0 0 0 0 0 0 0 0
8 0.803125 0.30833333333333335 0.07083333333333333 0.08229166666666667 0.811409537037037 0.33922310017271157 2 0.7969907407407407 0.2662791018998273 2 0 0 0 0 0 0 0 0 0 0 0 0
4 0.815625 0.384375 0.09270833333333334 0.09895833333333333 0.8526517592592592 0.41981938687392056 2 0.7918107407407408 0.3472560449050086 2 0 0 0 0 0 0 0 0 0 0 0 0
6 0.7385416666666667 0.22604166666666667 0.171875 0.0875 0.7201405114638448 0.2036878299167969 2 0.7556504585537919 0.20391883541341121 2 0.7551952028218695 0.22586435759177015 2 0.7187747442680776 0.22540234659854155 2 0 0 0 0 0 0
9 0.621875 0.19791666666666666 0.11770833333333333 0.014583333333333334 0.5762694444444444 0.19672184801381692 2 0.6580596296296296 0.19607081174438687 2 0 0 0 0 0 0 0 0 0 0 0 0
3 0.6291666666666667 0.16875 0.14791666666666667 0.03958333333333333 0.5816097222222222 0.18181217616580309 2 0.6627743518518517 0.15508074265975816 2 0 0 0 0 0 0 0 0 0 0 0 0
7 0.8010416666666667 0.20833333333333334 0.075 0.06875 0.808747037037037 0.23452793609671846 2 0.7796196296296295 0.18279762521588946 2 0 0 0 0 0 0 0 0 0 0 0 0
1 0.8302083333333333 0.2677083333333333 0.057291666666666664 0.05520833333333333 0.831817037037037 0.2872223661485319 2 0.8141940740740741 0.24425427461139895 2 0 0 0 0 0 0 0 0 0 0 0 0
0 0.7104166666666667 0.15520833333333334 0.1125 0.046875 0.7100669527728787 0.1345866318159388 2 0.6650019444444444 0.1438922279792746 2 0.6735082407407408 0.16208911917098445 2 0.7078004629629628 0.17558290155440412 2 0.7368363888888889 0.1651237046632124 2 0.7275213888888888 0.14444723661485318 2