5 0.43125 0.46458333333333335 0.584375 0.665625 0 0 0 0 0 0 0 0 0 0 0 0 0 0 0 0 0 0
10 0.359375 0.5020833333333333 0.16354166666666667 0.121875 0.304145 0.5545997841105353 2 0.39760564814814814 0.447093609671848 2 0 0 0 0 0 0 0 0 0 0 0 0
2 0.4739583333333333 0.646875 0.10833333333333334 0.15729166666666666 0.4273907407407407 0.710714853195164 2 0.48844407407407403 0.5752189982728843 2 0 0 0 0 0 0 0 0 0 0 0 0
4 0.3177083333333333 0.6364583333333333 0.15 0.159375 0.3532625 0.6995914939550949 2 0.3108182407407407 0.5714239637305699 2 0 0 0 0 0 0 0 0 0 0 0 0
8 0.5010416666666667 0.5020833333333333 0.09479166666666666 0.178125 0.49522574074074066 0.566330354058722 2 0.5245045370370369 0.4403639032815198 2 0 0 0 0 0 0 0 0 0 0 0 0
6 0.4635416666666667 0.36354166666666665 0.275 0.159375 0.34552657407407406 0.28702448186528495 2 0.5724825925925926 0.29177124352331607 2 0.523473611111111 0.43764844559585486 2 0.36234083333333333 0.43347405008635576 2 0 0 0 0 0 0
3 0.29270833333333335 0.421875 0.159375 0.096875 0.28665722222222223 0.44958981001727116 2 0.29288907407407405 0.3861788428324698 2 0 0 0 0 0 0 0 0 0 0 0 0
9 0.32395833333333335 0.340625 0.09270833333333334 0.10833333333333334 0.2834925 0.37370803108808287 2 0.3321036111111111 0.2985346718480138 2 0 0 0 0 0 0 0 0 0 0 0 0
7 0.603125 0.33229166666666665 0.084375 0.10833333333333334 0.5841775925925925 0.2862720207253886 2 0.6028646296296295 0.3665988773747841 2 0 0 0 0 0 0 0 0 0 0 0 0
1 0.603125 0.440625 0.125 0.09583333333333334 0.6035699074074075 0.46892711571675305 2 0.6077653703703704 0.3946476252158895 2 0 0 0 0 0 0 0 0 0 0 0 0
0 0.46041666666666664 0.234375 0.2989583333333333 0.13541666666666666 0.5586299999999998 0.18284831606217616 2 0.4258355555555555 0.18216519861830743 2 0.3412182407407407 0.23243540587219338 2 0.37601277777777775 0.29041355785837647 2 0.535644537037037 0.2845187392055267 2 0.5872034259259259 0.2433732297063903 2