5 0.70625 0.26875 0.36666666666666664 0.43333333333333335 0 0 0 0 0 0 0 0 0 0 0 0 0 0 0 0 0 0
3 0.6739583333333333 0.16770833333333332 0.08125 0.05625 0.6443163888888889 0.18761532815198617 2 0.7035356481481482 0.14741899827288427 2 0 0 0 0 0 0 0 0 0 0 0 0
10 0.6989583333333333 0.30104166666666665 0.08125 0.10416666666666667 0.6953753703703703 0.3406085492227979 2 0.6856381481481482 0.2533555699481865 2 0 0 0 0 0 0 0 0 0 0 0 0
8 0.7552083333333334 0.30104166666666665 0.096875 0.109375 0.7697930555555554 0.2510596286701209 2 0.765098611111111 0.33525142487046633 2 0 0 0 0 0 0 0 0 0 0 0 0
9 0.64375 0.16666666666666666 0.12395833333333334 0.052083333333333336 0.6610039814814815 0.14309067357512953 2 0.6313818518518518 0.18816597582037994 2 0 0 0 0 0 0 0 0 0 0 0 0
6 0.7291666666666666 0.18541666666666667 0.16875 0.09791666666666667 0.6613443518518518 0.1402321243523316 2 0.8138297222222222 0.13965384283246976 2 0.7820760185185185 0.22630099309153714 2 0.6579753703703702 0.22810975820379964 2 0 0 0 0 0 0
0 0.7385416666666667 0.11041666666666666 0.15833333333333333 0.08333333333333333 0.7630323148148147 0.07926355785837651 2 0.7091010185185185 0.07432940414507772 2 0.6857881481481481 0.09431437823834196 2 0.7007453703703703 0.1182731865284974 2 0.7341525925925926 0.12253644214162349 2 0.7675047222222221 0.11423156303972365 2
1 0.8354166666666667 0.21875 0.140625 0.05 0.8080218518518517 0.2309979706390328 2 0.8795743518518518 0.19857633851468048 2 0 0 0 0 0 0 0 0 0 0 0 0
7 0.8572916666666667 0.18020833333333333 0.12604166666666666 0.06458333333333334 0.8717153703703703 0.20318864421416233 2 0.8001934259259259 0.14533730569948186 2 0 0 0 0 0 0 0 0 0 0 0 0
4 0.7052083333333333 0.40625 0.07291666666666667 0.1125 0.6895695483049187 0.45041915262242865 2 0.6963567592592592 0.3514461571675302 2 0 0 0 0 0 0 0 0 0 0 0 0
2 0.7520833333333333 0.39895833333333336 0.04375 0.08958333333333333 0.740925 0.43650945595854923 2 0.7532710185185184 0.35819287564766833 2 0 0 0 0 0 0 0 0 0 0 0 0