5 0.42083333333333334 0.3125 0.759375 0.571875 0 0 0 0 0 0 0 0 0 0 0 0 0 0 0 0 0 0
2 0.4239583333333333 0.46770833333333334 0.05625 0.10416666666666667 0.43021916666666665 0.4946984455958549 2 0.432946574074074 0.42127206390328154 2 0 0 0 0 0 0 0 0 0 0 0 0
4 0.35833333333333334 0.46145833333333336 0.06666666666666667 0.13333333333333333 0.3767281481481481 0.5052133419689119 2 0.3499398148148148 0.41027193436960274 2 0 0 0 0 0 0 0 0 0 0 0 0
8 0.4479166666666667 0.346875 0.13125 0.165625 0.41621694444444446 0.4002448618307426 2 0.44759212962962963 0.2789638601036269 2 0 0 0 0 0 0 0 0 0 0 0 0
10 0.3177083333333333 0.33541666666666664 0.26145833333333335 0.171875 0.3537501851851852 0.4126557426597582 2 0.2637075 0.26025129533678754 2 0 0 0 0 0 0 0 0 0 0 0 0
6 0.390625 0.19791666666666666 0.26145833333333335 0.14166666666666666 0.3230353703703704 0.14142923143350603 2 0.5082636111111111 0.1357177029360967 2 0.4412236111111111 0.26867694300518136 2 0.2744608333333333 0.2586243523316062 2 0 0 0 0 0 0
9 0.275 0.17916666666666667 0.13645833333333332 0.07291666666666667 0.30658620370370365 0.15158834196891188 2 0.23824203703703703 0.206825518134715 2 0 0 0 0 0 0 0 0 0 0 0 0
3 0.17604166666666668 0.24166666666666667 0.175 0.04895833333333333 0.11454962962962961 0.26029378238341966 2 0.22495833333333334 0.21779369602763382 2 0 0 0 0 0 0 0 0 0 0 0 0
0 0.38125 0.084375 0.240625 0.10833333333333334 0.4658100925925926 0.0491020725388601 2 0.3791851851851851 0.028163989637305698 2 0.2918762037037037 0.05729002590673574 2 0.3354643518518518 0.1184582469775475 2 0.43512101851851853 0.11564330742659759 2 0.4815400925925926 0.08772003454231433 2
7 0.5270833333333333 0.159375 0.12916666666666668 0.07395833333333333 0.5785200925925925 0.18599607081174438 2 0.5016668518518519 0.13495224525043176 2 0 0 0 0 0 0 0 0 0 0 0 0
1 0.6489583333333333 0.15520833333333334 0.15833333333333333 0.07604166666666666 0.6837175925925926 0.12836701208981002 2 0.6009600925925924 0.18700829015544038 2 0 0 0 0 0 0 0 0 0 0 0 0