5 0.5125 0.39791666666666664 0.5895833333333333 0.7364583333333333 0 0 0 0 0 0 0 0 0 0 0 0 0 0 0 0 0 0
10 0.43125 0.4375 0.08333333333333333 0.15729166666666666 0.43330444444444444 0.5095834628670121 2 0.4072628703703704 0.3616401122625216 2 0 0 0 0 0 0 0 0 0 0 0 0
4 0.4166666666666667 0.603125 0.071875 0.15416666666666667 0.4168294444444444 0.6755653281519862 2 0.39661907407407404 0.5382817357512953 2 0 0 0 0 0 0 0 0 0 0 0 0
2 0.6114583333333333 0.6010416666666667 0.07604166666666666 0.18854166666666666 0.6124855555555555 0.6803553972366149 2 0.6008261111111111 0.5141523316062176 2 0 0 0 0 0 0 0 0 0 0 0 0
8 0.5895833333333333 0.43125 0.14166666666666666 0.16041666666666668 0.6318901851851851 0.5071800086355785 2 0.5632117592592591 0.3660911053540587 2 0 0 0 0 0 0 0 0 0 0 0 0
9 0.3645833333333333 0.21666666666666667 0.08958333333333333 0.121875 0.35451027777777777 0.2633514248704663 2 0.3966288888888888 0.16054443005181346 2 0 0 0 0 0 0 0 0 0 0 0 0
6 0.49583333333333335 0.240625 0.21458333333333332 0.18125 0.41169833333333333 0.15644831606217616 2 0.5771664814814815 0.14117987910189983 2 0.5860279629629629 0.31729848877374783 2 0.38632092592592593 0.3203597150259067 2 0 0 0 0 0 0
0 0.46458333333333335 0.09583333333333334 0.2125 0.10625 0.514359074074074 0.06071049222797927 2 0.4366930178326474 0.05494703057748718 2 0.40162037037037035 0.08633894645941279 2 0.4020363888888889 0.13170103626943006 2 0.5041050925925925 0.13112759067357513 2 0.5247757407407406 0.10317158894645942 2
3 0.3572916666666667 0.32916666666666666 0.09583333333333334 0.10104166666666667 0.3270580555555555 0.37600185664939545 2 0.3732096296296296 0.28116230569948186 2 0 0 0 0 0 0 0 0 0 0 0 0
1 0.6645833333333333 0.31666666666666665 0.096875 0.140625 0.6487268518518517 0.35988605354058717 2 0.6785192592592592 0.25572854058721933 2 0 0 0 0 0 0 0 0 0 0 0 0
7 0.6583333333333333 0.20416666666666666 0.10104166666666667 0.128125 0.6561957407407407 0.24197331606217617 2 0.6280381481481481 0.1517298359240069 2 0 0 0 0 0 0 0 0 0 0 0 0