5 0.825 0.2791666666666667 0.315625 0.378125 0 0 0 0 0 0 0 0 0 0 0 0 0 0 0 0 0 0
3 0.734375 0.26875 0.059375 0.07291666666666667 0.7388275 0.2974320379965458 2 0.7527759259259259 0.240320207253886 2 0 0 0 0 0 0 0 0 0 0 0 0
10 0.7708333333333334 0.33541666666666664 0.08125 0.10416666666666667 0.7681885185185185 0.3757887737478411 2 0.7584512962962963 0.28853579447322975 2 0 0 0 0 0 0 0 0 0 0 0 0
8 0.8197916666666667 0.328125 0.06666666666666667 0.09479166666666666 0.8498788888888887 0.2849802677029361 2 0.8010241666666665 0.36683601036269425 2 0 0 0 0 0 0 0 0 0 0 0 0
9 0.7666666666666667 0.21145833333333333 0.06979166666666667 0.05625 0.7566678703703702 0.18501325561312607 2 0.7540516666666667 0.230203713298791 2 0 0 0 0 0 0 0 0 0 0 0 0
6 0.8197916666666667 0.22083333333333333 0.14583333333333334 0.090625 0.7597571296296296 0.17929576856649393 2 0.8770799999999999 0.1770325993091537 2 0.841814537037037 0.2589412780656304 2 0.7458400925925925 0.2567555699481865 2 0 0 0 0 0 0
0 0.8270833333333333 0.15416666666666667 0.15833333333333333 0.08333333333333333 0.8512212962962963 0.12297780656303972 2 0.79729 0.11804365284974092 2 0.7739771296296296 0.1380286269430052 2 0.7889343518518518 0.1619874352331606 2 0.822341574074074 0.1662506908462867 2 0.8556937037037036 0.15794581174438688 2
1 0.9072916666666667 0.24895833333333334 0.140625 0.05 0.8800188888888888 0.26147668393782386 2 0.9515713888888889 0.22905505181347147 2 0 0 0 0 0 0 0 0 0 0 0 0
7 0.928125 0.21041666666666667 0.12604166666666666 0.06458333333333334 0.9428096296296296 0.23340470639032812 2 0.8712876851851851 0.17555336787564765 2 0 0 0 0 0 0 0 0 0 0 0 0
4 0.78125 0.4041666666666667 0.071875 0.06979166666666667 0.8166744444444445 0.43451899827288426 2 0.7730192592592593 0.3672749136442141 2 0 0 0 0 0 0 0 0 0 0 0 0
2 0.8395833333333333 0.41041666666666665 0.12604166666666666 0.0875 0.8791599999999999 0.4397256476683937 2 0.8004385185185185 0.37028670120898094 2 0 0 0 0 0 0 0 0 0 0 0 0