5 0.27395833333333336 0.45208333333333334 0.49375 0.5083333333333333 0 0 0 0 0 0 0 0 0 0 0 0 0 0 0 0 0 0
5 0.265625 0.43645833333333334 0.48541666666666666 0.5447916666666667 0 0 0 0 0 0 0 0 0 0 0 0 0 0 0 0 0 0
4 0.20416666666666666 0.5708333333333333 0.05520833333333333 0.10104166666666667 0.14892574074074075 0.606531347150259 2 0.21327037037037036 0.5115231001727115 2 0 0 0 0 0 0 0 0 0 0 0 0
10 0.24166666666666667 0.4864583333333333 0.07083333333333333 0.07291666666666667 0.22673043797766018 0.5012830919997533 2 0.2020761111111111 0.413099438687392 2 0 0 0 0 0 0 0 0 0 0 0 0
2 0.28541666666666665 0.5760416666666667 0.13958333333333334 0.11770833333333333 0.29497611111111116 0.6177895941278065 2 0.225929537037037 0.4963433506044904 2 0 0 0 0 0 0 0 0 0 0 0 0
8 0.36354166666666665 0.4625 0.215625 0.1 0.26803027777777777 0.5023140759930915 2 0.2944007407407408 0.4364866148531952 2 0 0 0 0 0 0 0 0 0 0 0 0
3 0.15520833333333334 0.28541666666666665 0.146875 0.051041666666666666 0.07110824074074072 0.29260613126079443 2 0.22493490740740738 0.28717517271157167 2 0 0 0 0 0 0 0 0 0 0 0 0
6 0.27395833333333336 0.371875 0.19583333333333333 0.10520833333333333 0.20046657407407406 0.31836105354058725 2 0.36765768518518516 0.3155275043177893 2 0.3419596296296296 0.4256226683937824 2 0.18252675925925924 0.41436437823834193 2 0 0 0 0 0 0
9 0.13229166666666667 0.3020833333333333 0.11770833333333333 0.09270833333333334 0.18205657407407408 0.3365598877374784 2 0.06309675925925926 0.29203268566493956 2 0 0 0 0 0 0 0 0 0 0 0 0
0 0.278125 0.27395833333333336 0.2552083333333333 0.09791666666666667 0.2776736111111111 0.2297158031088083 2 0.24532813614540466 0.2354284504048213 2 0.1962348148148148 0.2537797495682211 2 0.2026548148148148 0.2989141191709844 2 0.3368598148148148 0.2961986614853195 2 0.32450805555555556 0.2567566493955095 2
1 0.3927083333333333 0.3125 0.13645833333333332 0.07708333333333334 0.43115756613756606 0.3042254753851742 2 0.33837898148148143 0.33248661485319514 2 0 0 0 0 0 0 0 0 0 0 0 0
7 0.38229166666666664 0.321875 0.175 0.07916666666666666 0.4709925 0.30172240932642486 2 0.3148872222222222 0.2833970639032815 2 0 0 0 0 0 0 0 0 0 0 0 0