5 0.7572916666666667 0.2760416666666667 0.35625 0.328125 0 0 0 0 0 0 0 0 0 0 0 0 0 0 0 0 0 0
8 0.7760416666666666 0.34479166666666666 0.10833333333333334 0.08229166666666667 0.8093060185185185 0.31084468911917096 2 0.7306800925925926 0.3752658462867011 2 0 0 0 0 0 0 0 0 0 0 0 0
2 0.7177083333333333 0.42083333333333334 0.10208333333333333 0.08958333333333333 0.6810223148148148 0.4529629101899827 2 0.7239916666666666 0.3827107944732297 2 0 0 0 0 0 0 0 0 0 0 0 0
0 0.7979166666666667 0.16666666666666666 0.13333333333333333 0.06875 0.8040474999999999 0.14493916234887738 2 0.7629508333333332 0.15074257340241795 2 0.7629548148148149 0.16408195164075992 2 0.7762057407407407 0.17933860103626945 2 0.8189329629629629 0.18126532815198618 2 0.8301005555555555 0.15259693436960273 2
10 0.771875 0.3541666666666667 0.08541666666666667 0.06875 0.772174537037037 0.38243005181347145 2 0.7846473148148146 0.32492538860103626 2 0 0 0 0 0 0 0 0 0 0 0 0
4 0.7833333333333333 0.41354166666666664 0.042708333333333334 0.075 0.7784457407407408 0.43979326424870463 2 0.7804392592592593 0.38180798791019 2 0 0 0 0 0 0 0 0 0 0 0 0
7 0.8802083333333334 0.23229166666666667 0.05520833333333333 0.05520833333333333 0.8773264814814815 0.25698316062176163 2 0.8593036111111111 0.20800492227979273 2 0 0 0 0 0 0 0 0 0 0 0 0
1 0.7208333333333333 0.171875 0.14791666666666667 0.020833333333333332 0.6629945370370369 0.17214917962003454 2 0.7667916666666666 0.16861852331606217 2 0 0 0 0 0 0 0 0 0 0 0 0
6 0.790625 0.240625 0.15729166666666666 0.1 0.7471297222222222 0.19688264248704662 2 0.8604984259259258 0.1964193005181347 2 0.8305968518518517 0.2873358376511226 2 0.7272899074074074 0.2843570811744387 2 0 0 0 0 0 0
3 0.8833333333333333 0.2989583333333333 0.06458333333333334 0.071875 0.8738788888888889 0.26947750431778933 2 0.873132037037037 0.3235988773747841 2 0 0 0 0 0 0 0 0 0 0 0 0
9 0.715625 0.19375 0.09895833333333333 0.04479166666666667 0.7528244444444444 0.20574494818652847 2 0.6748711111111111 0.17764715025906733 2 0 0 0 0 0 0 0 0 0 0 0 0