5 0.4708333333333333 0.37083333333333335 0.5802083333333333 0.6822916666666666 0 0 0 0 0 0 0 0 0 0 0 0 0 0 0 0 0 0
2 0.4010416666666667 0.5604166666666667 0.096875 0.14375 0.4181134259259259 0.6172499136442141 2 0.39344333333333326 0.5009604058721935 2 0 0 0 0 0 0 0 0 0 0 0 0
10 0.38645833333333335 0.428125 0.121875 0.14270833333333333 0.39377166666666663 0.49244723661485323 2 0.3552812037037037 0.36753808290155443 2 0 0 0 0 0 0 0 0 0 0 0 0
4 0.6364583333333333 0.5677083333333334 0.12291666666666666 0.12708333333333333 0.6590712037037038 0.6151753454231433 2 0.6034271296296295 0.5116243955094991 2 0 0 0 0 0 0 0 0 0 0 0 0
8 0.5708333333333333 0.421875 0.121875 0.14791666666666667 0.5812897222222222 0.47529412780656294 2 0.530878611111111 0.3612316493955095 2 0 0 0 0 0 0 0 0 0 0 0 0
9 0.36041666666666666 0.23020833333333332 0.08125 0.10104166666666667 0.35753037037037033 0.2716833765112262 2 0.37707972222222225 0.18918156303972367 2 0 0 0 0 0 0 0 0 0 0 0 0
6 0.4666666666666667 0.25833333333333336 0.21354166666666666 0.18333333333333332 0.40296796296296294 0.17586740069084625 2 0.5569124999999999 0.17033903281519863 2 0.5742006481481481 0.3483326424870466 2 0.3680555555555555 0.33526118307426594 2 0 0 0 0 0 0
0 0.48854166666666665 0.10416666666666667 0.23854166666666668 0.13229166666666667 0.5511791666666667 0.060516493955094994 2 0.4564706481481481 0.053086873920552675 2 0.3901548148148148 0.08862430915371329 2 0.42010277777777777 0.14984922279792745 2 0.5462601851851852 0.146113298791019 2 0.5822121296296295 0.10463890328151985 2
3 0.31875 0.32395833333333335 0.13645833333333332 0.08229166666666667 0.2907443518518518 0.3537719775474957 2 0.3361363888888889 0.28601981865284976 2 0 0 0 0 0 0 0 0 0 0 0 0
1 0.5760416666666667 0.33229166666666665 0.13854166666666667 0.09166666666666666 0.5709635185185185 0.3625087651122625 2 0.6126512037037037 0.293010103626943 2 0 0 0 0 0 0 0 0 0 0 0 0
7 0.61875 0.22395833333333334 0.08541666666666667 0.11354166666666667 0.585245462962963 0.17703791018998272 2 0.6309136111111111 0.26179969775474954 2 0 0 0 0 0 0 0 0 0 0 0 0