5 0.7677083333333333 0.2625 0.36041666666666666 0.3572916666666667 0 0 0 0 0 0 0 0 0 0 0 0 0 0 0 0 0 0
8 0.778125 0.303125 0.11666666666666667 0.1125 0.7728538888888888 0.25785405872193434 2 0.7815297222222222 0.3466749136442141 2 0 0 0 0 0 0 0 0 0 0 0 0
2 0.815625 0.38125 0.11666666666666667 0.08645833333333333 0.8394946296296296 0.41605882748033 2 0.8051571296296296 0.34807685664939547 2 0 0 0 0 0 0 0 0 0 0 0 0
0 0.7395833333333334 0.13645833333333332 0.14479166666666668 0.08020833333333334 0.7497167592592593 0.10072042314335058 2 0.710214074074074 0.11478411053540585 2 0.6998858333333333 0.14041645077720205 2 0.7098486111111111 0.14968039723661483 2 0.7631602777777778 0.15720561312607942 2 0.7931084259259259 0.11923873056994819 2
10 0.6989583333333333 0.2916666666666667 0.11458333333333333 0.09583333333333334 0.7057419444444444 0.33311532815198613 2 0.6881046296296296 0.24946563039723657 2 0 0 0 0 0 0 0 0 0 0 0 0
4 0.7104166666666667 0.39166666666666666 0.06666666666666667 0.07916666666666666 0.7100991666666666 0.4176373920552677 2 0.6945985185185184 0.3579312607944732 2 0 0 0 0 0 0 0 0 0 0 0 0
7 0.8510416666666667 0.15729166666666666 0.08645833333333333 0.053125 0.8262553703703703 0.17535302245250428 2 0.8695136111111111 0.13348363557858375 2 0 0 0 0 0 0 0 0 0 0 0 0
1 0.8239583333333333 0.11875 0.13645833333333332 0.03229166666666667 0.7713075925925925 0.11764123488773749 2 0.8707101851851851 0.1260681347150259 2 0 0 0 0 0 0 0 0 0 0 0 0
6 0.7395833333333334 0.2 0.15208333333333332 0.075 0.7066227777777777 0.1690799222797927 2 0.8063033333333334 0.16564766839378237 2 0.756504074074074 0.2307699913644214 2 0.672170462962963 0.22465315198618308 2 0 0 0 0 0 0
3 0.6791666666666667 0.21354166666666666 0.13020833333333334 0.03229166666666667 0.6493237037037036 0.22626148531951643 2 0.7420237962962963 0.20599576856649396 2 0 0 0 0 0 0 0 0 0 0 0 0
9 0.66875 0.19270833333333334 0.06770833333333333 0.053125 0.6727231481481482 0.2082862694300518 2 0.6816119444444444 0.1723140328151986 2 0 0 0 0 0 0 0 0 0 0 0 0