5 0.534375 0.37604166666666666 0.6333333333333333 0.6958333333333333 0 0 0 0 0 0 0 0 0 0 0 0 0 0 0 0 0 0
10 0.43645833333333334 0.40520833333333334 0.13645833333333332 0.19895833333333332 0.42429833333333333 0.4816949050086355 2 0.4271557407407407 0.31193497409326426 2 0 0 0 0 0 0 0 0 0 0 0 0
8 0.6 0.4197916666666667 0.175 0.18125 0.5853949074074073 0.35497793609671846 2 0.5835502777777778 0.4911822538860103 2 0 0 0 0 0 0 0 0 0 0 0 0
4 0.45 0.5729166666666666 0.10833333333333334 0.18125 0.46741175925925926 0.6465299222797927 2 0.44198499999999996 0.4915954663212435 2 0 0 0 0 0 0 0 0 0 0 0 0
2 0.6197916666666666 0.5833333333333334 0.10833333333333334 0.165625 0.6317636111111111 0.6407700345423143 2 0.6096824074074073 0.5108821675302244 2 0 0 0 0 0 0 0 0 0 0 0 0
9 0.39895833333333336 0.20729166666666668 0.11770833333333333 0.14270833333333333 0.3754521296296296 0.252329231433506 2 0.38798249999999995 0.16416656666072685 2 0 0 0 0 0 0 0 0 0 0 0 0
6 0.49583333333333335 0.228125 0.2552083333333333 0.17708333333333334 0.409667962962963 0.14018480138169256 2 0.6281648148148148 0.14085103626943005 2 0.617657685185185 0.30860388601036265 2 0.3733362037037037 0.3038475388601036 2 0 0 0 0 0 0
7 0.6760416666666667 0.21145833333333333 0.103125 0.134375 0.6732132407407406 0.25771804835924006 2 0.6399197222222222 0.15610660621761654 2 0 0 0 0 0 0 0 0 0 0 0 0
1 0.6708333333333333 0.353125 0.13541666666666666 0.15520833333333334 0.6696687037037037 0.3882721502590673 2 0.6633210185185184 0.2844765544041451 2 0 0 0 0 0 0 0 0 0 0 0 0
3 0.35 0.32083333333333336 0.10520833333333333 0.121875 0.3150861111111111 0.3716840673575129 2 0.36854388888888884 0.26618497409326425 2 0 0 0 0 0 0 0 0 0 0 0 0
0 0.5322916666666667 0.09895833333333333 0.21770833333333334 0.128125 0.526132037037037 0.03450859240069084 2 0.44856768518518514 0.052926640759930914 2 0.4501591666666666 0.1057183937823834 2 0.5069443518518518 0.14142443868739205 2 0.6139684259259259 0.1053220207253886 2 0.6122323148148148 0.05510241796200345 2