5 0.503125 0.41458333333333336 0.6364583333333333 0.75625 0 0 0 0 0 0 0 0 0 0 0 0 0 0 0 0 0 0
10 0.4552083333333333 0.4947916666666667 0.10104166666666667 0.19791666666666666 0.4770146296296296 0.5706144214162348 2 0.42793333333333333 0.4028699913644214 2 0 0 0 0 0 0 0 0 0 0 0 0
8 0.5885416666666666 0.4895833333333333 0.175 0.18125 0.573549537037037 0.4250576856649395 2 0.5717049074074073 0.5612620034542315 2 0 0 0 0 0 0 0 0 0 0 0 0
4 0.47291666666666665 0.6583333333333333 0.10833333333333334 0.18125 0.450249537037037 0.7252705526770293 2 0.46450018518518515 0.576644127806563 2 0 0 0 0 0 0 0 0 0 0 0 0
2 0.5489583333333333 0.65 0.08854166666666667 0.165625 0.5388816666666667 0.7110100172711571 2 0.5699507407407407 0.5782464162348877 2 0 0 0 0 0 0 0 0 0 0 0 0
9 0.325 0.27291666666666664 0.18958333333333333 0.09270833333333334 0.2828775925925926 0.2926735751295337 2 0.36281101851851844 0.23651701208981002 2 0 0 0 0 0 0 0 0 0 0 0 0
6 0.4875 0.3072916666666667 0.2552083333333333 0.17708333333333334 0.3611473148148148 0.21808208117443867 2 0.6197736111111111 0.21994585492227978 2 0.6092664814814814 0.38769870466321243 2 0.36494499999999996 0.38294235751295336 2 0 0 0 0 0 0
7 0.70625 0.25729166666666664 0.175 0.10729166666666666 0.7609411111111111 0.29956351468048353 2 0.6346390740740742 0.21509671848013814 2 0 0 0 0 0 0 0 0 0 0 0 0
1 0.7072916666666667 0.3385416666666667 0.24895833333333334 0.071875 0.6409505555555555 0.3559055699481865 2 0.75642 0.3120783678756477 2 0 0 0 0 0 0 0 0 0 0 0 0
3 0.3375 0.340625 0.146875 0.07916666666666666 0.28099685185185186 0.3126939550949913 2 0.3630823148148148 0.36535919689119173 2 0 0 0 0 0 0 0 0 0 0 0 0
0 0.4947916666666667 0.13958333333333334 0.31875 0.14270833333333333 0.49025250000000004 0.06722089810017272 2 0.3799189814814815 0.09803575129533679 2 0.40138527777777777 0.1651385578583765 2 0.4652234259259259 0.18902974956822105 2 0.6013274074074073 0.17228989637305697 2 0.5930808333333333 0.08466917098445595 2