5 0.615625 0.41458333333333336 0.6114583333333333 0.36354166666666665 0 0 0 0 0 0 0 0 0 0 0 0 0 0 0 0 0 0
2 0.6479166666666667 0.5260416666666666 0.07604166666666666 0.07916666666666666 0.664966574074074 0.5604929188255613 2 0.6360823148148147 0.48956221934369604 2 0 0 0 0 0 0 0 0 0 0 0 0
10 0.5 0.4479166666666667 0.07604166666666666 0.09375 0.47995805555555554 0.4888033246977548 2 0.5213067592592593 0.40694671848013814 2 0 0 0 0 0 0 0 0 0 0 0 0
8 0.603125 0.453125 0.08125 0.07395833333333333 0.6288110185185185 0.4841392487046631 2 0.5731814814814814 0.42172858376511224 2 0 0 0 0 0 0 0 0 0 0 0 0
4 0.42291666666666666 0.5208333333333334 0.16354166666666667 0.071875 0.38706777777777773 0.5510597150259068 2 0.4660104629629629 0.4884661485319517 2 0 0 0 0 0 0 0 0 0 0 0 0
6 0.53125 0.353125 0.153125 0.078125 0.4951801851851851 0.31594991364421415 2 0.5430062962962963 0.32271347150259067 2 0.5850321296296296 0.3887780656303972 2 0.48867138888888884 0.38385867875647667 2 0 0 0 0 0 0
9 0.5385416666666667 0.35 0.10833333333333334 0.04583333333333333 0.5628868518518518 0.37131446459412776 2 0.5041611111111111 0.32796765975820374 2 0 0 0 0 0 0 0 0 0 0 0 0
3 0.6302083333333334 0.3854166666666667 0.14270833333333333 0.035416666666666666 0.577732037037037 0.36939158031088076 2 0.6733507407407407 0.3959696891191709 2 0 0 0 0 0 0 0 0 0 0 0 0
7 0.5760416666666667 0.32916666666666666 0.065625 0.041666666666666664 0.5915858333333333 0.3158852331606218 2 0.5553187037037036 0.33850993091537135 2 0 0 0 0 0 0 0 0 0 0 0 0
1 0.5697916666666667 0.30833333333333335 0.08541666666666667 0.01875 0.5954763888888889 0.3140742227979274 2 0.5547302777777777 0.30197875647668393 2 0 0 0 0 0 0 0 0 0 0 0 0
0 0.5229166666666667 0.29375 0.1125 0.046875 0.5231222305506564 0.27219159727362446 2 0.4780572222222222 0.2814971934369603 2 0.4863847222222221 0.30879430051813467 2 0.5208557407407407 0.3131878670120898 2 0.5498916666666667 0.3027286701208981 2 0.5405766666666667 0.2820522020725388 2