5 0.7208333333333333 0.24791666666666667 0.29375 0.375 0 0 0 0 0 0 0 0 0 0 0 0 0 0 0 0 0 0
8 0.746875 0.26666666666666666 0.05520833333333333 0.09375 0.7583696296296297 0.21908173575129533 2 0.7452206481481481 0.30381645077720204 2 0 0 0 0 0 0 0 0 0 0 0 0
0 0.7552083333333334 0.11770833333333333 0.13333333333333333 0.06875 0.7615387037037037 0.08949438687392056 2 0.7094468518518517 0.09206364421416234 2 0.7116127777777776 0.125521804835924 2 0.7457287037037036 0.13616899827288428 2 0.7841227777777778 0.125093609671848 2 0.7751380555555555 0.10587974956822106 2
10 0.7041666666666667 0.2604166666666667 0.06979166666666667 0.09895833333333333 0.7067724074074074 0.30179417098445593 2 0.7047260185185186 0.21419529360967182 2 0 0 0 0 0 0 0 0 0 0 0 0
7 0.8104166666666667 0.16458333333333333 0.08541666666666667 0.06145833333333333 0.777484537037037 0.17888752158894644 2 0.8123272222222222 0.13740168393782384 2 0 0 0 0 0 0 0 0 0 0 0 0
1 0.6791666666666667 0.221875 0.052083333333333336 0.06354166666666666 0.6705622222222221 0.2484459844559585 2 0.6847113888888888 0.19910151122625214 2 0 0 0 0 0 0 0 0 0 0 0 0
6 0.7395833333333334 0.18125 0.14479166666666668 0.07291666666666667 0.6924778703703702 0.14565565630397234 2 0.8138657407407408 0.14168730569948187 2 0.7839602777777778 0.2102161053540587 2 0.6820485185185184 0.2116330310880829 2 0 0 0 0 0 0
3 0.7583333333333333 0.1625 0.09270833333333334 0.05625 0.7256722222222222 0.14301666666666665 2 0.7622074074074073 0.17832949050086355 2 0 0 0 0 0 0 0 0 0 0 0 0
4 0.715625 0.32916666666666666 0.042708333333333334 0.06770833333333333 0.7225705555555556 0.35538246977547494 2 0.7200226851851852 0.2988112694300518 2 0 0 0 0 0 0 0 0 0 0 0 0
2 0.7604166666666666 0.35520833333333335 0.03854166666666667 0.09895833333333333 0.764196574074074 0.38732016407599307 2 0.7597694444444444 0.3071656303972366 2 0 0 0 0 0 0 0 0 0 0 0 0
9 0.68125 0.190625 0.05 0.057291666666666664 0.678272037037037 0.21113346286701207 2 0.6769179629629629 0.17197702936096718 2 0 0 0 0 0 0 0 0 0 0 0 0