5 0.44583333333333336 0.3854166666666667 0.5302083333333333 0.6666666666666666 0 0 0 0 0 0 0 0 0 0 0 0 0 0 0 0 0 0
10 0.3854166666666667 0.40208333333333335 0.11875 0.15520833333333334 0.41218175925925926 0.4648876079447322 2 0.40585212962962963 0.3482061312607944 2 0 0 0 0 0 0 0 0 0 0 0 0
4 0.434375 0.540625 0.13645833333333332 0.1625 0.43471499999999996 0.6033857081174437 2 0.4066379629629629 0.46947534542314334 2 0 0 0 0 0 0 0 0 0 0 0 0
8 0.5083333333333333 0.4114583333333333 0.10104166666666667 0.153125 0.5152451851851851 0.4648876079447322 2 0.501844537037037 0.350719127806563 2 0 0 0 0 0 0 0 0 0 0 0 0
9 0.328125 0.23020833333333332 0.08125 0.11458333333333333 0.3186849074074074 0.2872257772020725 2 0.35818129629629625 0.17794214162348876 2 0 0 0 0 0 0 0 0 0 0 0 0
6 0.49583333333333335 0.259375 0.2677083333333333 0.18645833333333334 0.37802009259259256 0.17076351468048356 2 0.6161205555555556 0.1779316925734024 2 0.5587384259259259 0.3397897668393782 2 0.3811487037037037 0.3411053540587219 2 0 0 0 0 0 0
0 0.48541666666666666 0.1375 0.278125 0.12291666666666666 0.5491354629629629 0.09284088946459411 2 0.4493768552812071 0.08996442441469968 2 0.4001012037037037 0.1228545768566494 2 0.4237196296296296 0.1816928756476684 2 0.5280671296296295 0.19067422279792742 2 0.575484537037037 0.1396956822107081 2
3 0.30625 0.328125 0.16770833333333332 0.090625 0.2809244444444444 0.3605860103626943 2 0.3270941666666667 0.2887690414507772 2 0 0 0 0 0 0 0 0 0 0 0 0
1 0.5979166666666667 0.35 0.09270833333333334 0.09375 0.6012731481481481 0.3039993955094991 2 0.6083803703703704 0.38468803972366145 2 0 0 0 0 0 0 0 0 0 0 0 0
7 0.6010416666666667 0.23541666666666666 0.09791666666666667 0.12708333333333333 0.5909650000000001 0.1833879101899827 2 0.592773425925926 0.284122322970639 2 0 0 0 0 0 0 0 0 0 0 0 0
2 0.5208333333333334 0.5645833333333333 0.09583333333333334 0.15729166666666666 0.5124782407407407 0.6362835924006909 2 0.5322085185185185 0.49438683074265977 2 0 0 0 0 0 0 0 0 0 0 0 0