5 0.490625 0.3729166666666667 0.69375 0.6197916666666666 0 0 0 0 0 0 0 0 0 0 0 0 0 0 0 0 0 0
10 0.46041666666666664 0.39375 0.12916666666666668 0.13229166666666667 0.4711913888888889 0.4462671416234887 2 0.4139178703703703 0.33058916234887736 2 0 0 0 0 0 0 0 0 0 0 0 0
4 0.5072916666666667 0.5302083333333333 0.065625 0.128125 0.5245225925925926 0.5772681778929187 2 0.49111055555555555 0.47829654576856645 2 0 0 0 0 0 0 0 0 0 0 0 0
2 0.5447916666666667 0.5166666666666667 0.046875 0.09270833333333334 0.5365772222222223 0.5558548791018997 2 0.5490322222222221 0.4780245682210708 2 0 0 0 0 0 0 0 0 0 0 0 0
8 0.5427083333333333 0.37395833333333334 0.07395833333333333 0.15208333333333332 0.5371636111111111 0.43220060449050085 2 0.5503175 0.31340060449050083 2 0 0 0 0 0 0 0 0 0 0 0 0
9 0.328125 0.22916666666666666 0.13645833333333332 0.09270833333333334 0.30031101851851844 0.2673908894645941 2 0.3783454629629629 0.1884161053540587 2 0 0 0 0 0 0 0 0 0 0 0 0
6 0.48854166666666665 0.24895833333333334 0.18958333333333333 0.128125 0.4160386111111111 0.187828195164076 2 0.5750687037037037 0.19636666666666663 2 0.5623914814814814 0.3026078583765112 2 0.40735314814814816 0.30955682210708113 2 0 0 0 0 0 0
0 0.4979166666666667 0.14479166666666668 0.2125 0.10625 0.5477792592592592 0.10894827288428323 2 0.47011320301783255 0.10318481123379115 2 0.4350405555555555 0.13457672711571675 2 0.43545648148148147 0.17993881692573402 2 0.5375252777777777 0.1793653713298791 2 0.5581959259259258 0.15140936960276338 2
3 0.34270833333333334 0.290625 0.128125 0.034375 0.3755967592592592 0.29204110535405875 2 0.30684407407407405 0.2757363989637306 2 0 0 0 0 0 0 0 0 0 0 0 0
1 0.61875 0.30625 0.1125 0.029166666666666667 0.5811089814814815 0.3073726252158895 2 0.6473054629629629 0.28887094127806556 2 0 0 0 0 0 0 0 0 0 0 0 0
7 0.6114583333333333 0.24583333333333332 0.09166666666666666 0.07916666666666666 0.641040925925926 0.2732604058721934 2 0.588505462962963 0.21837724525043178 2 0 0 0 0 0 0 0 0 0 0 0 0