5 0.725 0.2635416666666667 0.3385416666666667 0.4270833333333333 0 0 0 0 0 0 0 0 0 0 0 0 0 0 0 0 0 0
10 0.66875 0.284375 0.08958333333333333 0.058333333333333334 0.6647372222222222 0.31135781519861827 2 0.6985139814814814 0.2573847150259067 2 0 0 0 0 0 0 0 0 0 0 0 0
4 0.64375 0.365625 0.0875 0.10625 0.6193743518518517 0.3999535837651122 2 0.6661037962962962 0.3244365284974093 2 0 0 0 0 0 0 0 0 0 0 0 0
8 0.7729166666666667 0.28854166666666664 0.07708333333333334 0.08541666666666667 0.7678150925925925 0.3144129533678756 2 0.7819246296296296 0.2611175734024179 2 0 0 0 0 0 0 0 0 0 0 0 0
2 0.76875 0.3729166666666667 0.046875 0.09270833333333334 0.7608061111111112 0.4119331606217616 2 0.7732611111111111 0.33410284974093263 2 0 0 0 0 0 0 0 0 0 0 0 0
9 0.678125 0.17083333333333334 0.103125 0.08333333333333333 0.653924537037037 0.20196558721934368 2 0.6602287962962963 0.13471878238341967 2 0 0 0 0 0 0 0 0 0 0 0 0
6 0.74375 0.18333333333333332 0.10520833333333333 0.11458333333333333 0.6876826851851852 0.12952448186528495 2 0.7834222222222222 0.1281282815198618 2 0.7854231481481481 0.2379094559585492 2 0.6858629629629629 0.2322197322970639 2 0 0 0 0 0 0
0 0.7229166666666667 0.09166666666666666 0.12604166666666666 0.057291666666666664 0.7502001851851852 0.07405362694300517 2 0.7064374588477365 0.06930095816656157 2 0.6802114814814816 0.08201852331606217 2 0.6992710185185185 0.11492953367875648 2 0.7498738888888888 0.12248540587219342 2 0.7697381481481481 0.09575764248704662 2
3 0.6645833333333333 0.22083333333333333 0.06666666666666667 0.0375 0.6685744444444445 0.23675125215889464 2 0.6594652777777777 0.20375587219343697 2 0 0 0 0 0 0 0 0 0 0 0 0
1 0.815625 0.21666666666666667 0.03333333333333333 0.05416666666666667 0.828355925925926 0.23073803972366147 2 0.8046284259259259 0.18600060449050085 2 0 0 0 0 0 0 0 0 0 0 0 0
7 0.8145833333333333 0.15833333333333333 0.041666666666666664 0.05520833333333333 0.7993683333333333 0.18393985319516407 2 0.8184509866745052 0.14090963535241385 2 0 0 0 0 0 0 0 0 0 0 0 0