5 0.5822916666666667 0.39375 0.7114583333333333 0.6666666666666666 0 0 0 0 0 0 0 0 0 0 0 0 0 0 0 0 0 0
10 0.51875 0.434375 0.10520833333333333 0.15833333333333333 0.5030200925925926 0.5017658894645941 2 0.548390462962963 0.35993825561312603 2 0 0 0 0 0 0 0 0 0 0 0 0
4 0.4635416666666667 0.590625 0.115625 0.14895833333333333 0.44831453703703705 0.6447926597582038 2 0.4945703703703703 0.5213578151986182 2 0 0 0 0 0 0 0 0 0 0 0 0
8 0.68125 0.42291666666666666 0.11041666666666666 0.134375 0.689652037037037 0.4849332901554403 2 0.6743643518518517 0.36268095854922283 2 0 0 0 0 0 0 0 0 0 0 0 0
2 0.68125 0.5958333333333333 0.07083333333333333 0.16041666666666668 0.6918041666666667 0.659803713298791 2 0.6927001851851852 0.5276560017271158 2 0 0 0 0 0 0 0 0 0 0 0 0
6 0.615625 0.25 0.20625 0.15104166666666666 0.5145221296296296 0.17357746113989636 2 0.7190254629629629 0.1961173143350604 2 0.7063517592592593 0.3165227547495682 2 0.5435799074074074 0.323706908462867 2 0 0 0 0 0 0
3 0.690625 0.3229166666666667 0.12291666666666666 0.04375 0.6696506481481481 0.31983687392055266 2 0.73122 0.30851403281519857 2 0 0 0 0 0 0 0 0 0 0 0 0
7 0.740625 0.24791666666666667 0.051041666666666666 0.08854166666666667 0.7434864814814814 0.28050025906735754 2 0.7291693518518517 0.2133649395509499 2 0 0 0 0 0 0 0 0 0 0 0 0
1 0.45208333333333334 0.31145833333333334 0.23541666666666666 0.06145833333333333 0.5173430555555555 0.32367396373056995 2 0.3861161111111111 0.28908540587219345 2 0 0 0 0 0 0 0 0 0 0 0 0
9 0.41041666666666665 0.228125 0.17083333333333334 0.10208333333333333 0.4603891666666666 0.19292577720207255 2 0.36085796296296296 0.2675089810017271 2 0 0 0 0 0 0 0 0 0 0 0 0
0 0.6260416666666667 0.121875 0.12291666666666666 0.06979166666666667 0.6261368180482069 0.09110691925734023 2 0.5840948148148148 0.10118009499136442 2 0.5725402777777777 0.14254550949913644 2 0.6271269444444444 0.15587478411053537 2 0.6702397222222222 0.14751519861830742 2 0.6755733333333332 0.10229443005181346 2