5 0.40208333333333335 0.384375 0.7760416666666666 0.690625 0 0 0 0 0 0 0 0 0 0 0 0 0 0 0 0 0 0
2 0.27395833333333336 0.5739583333333333 0.20208333333333334 0.171875 0.2005750925925926 0.6392436528497409 2 0.31804916666666666 0.5007495682210708 2 0 0 0 0 0 0 0 0 0 0 0 0
10 0.31875 0.425 0.14791666666666667 0.175 0.2863678703703704 0.4951711571675302 2 0.33896898148148147 0.3491031519861831 2 0 0 0 0 0 0 0 0 0 0 0 0
4 0.48854166666666665 0.5979166666666667 0.14583333333333334 0.13229166666666667 0.44113499999999994 0.6644841537132987 2 0.5153014814814815 0.5403815198618307 2 0 0 0 0 0 0 0 0 0 0 0 0
8 0.5416666666666666 0.42291666666666666 0.121875 0.14791666666666667 0.5326425 0.4837779360967184 2 0.5020338888888889 0.3623195164075993 2 0 0 0 0 0 0 0 0 0 0 0 0
9 0.2 0.18645833333333334 0.2864583333333333 0.10208333333333333 0.11228657407407407 0.22043493091537134 2 0.3191188888888889 0.14538803972366146 2 0 0 0 0 0 0 0 0 0 0 0 0
6 0.4666666666666667 0.25833333333333336 0.21354166666666666 0.18333333333333332 0.40296796296296294 0.17586740069084625 2 0.5569124999999999 0.17033903281519863 2 0.5742006481481481 0.3483326424870466 2 0.3680555555555555 0.33526118307426594 2 0 0 0 0 0 0
0 0.48854166666666665 0.10416666666666667 0.23854166666666668 0.13229166666666667 0.5511791666666667 0.060516493955094994 2 0.4564706481481481 0.053086873920552675 2 0.3901548148148148 0.08862430915371329 2 0.42010277777777777 0.14984922279792745 2 0.5462601851851852 0.146113298791019 2 0.5822121296296295 0.10463890328151985 2
3 0.21875 0.24895833333333334 0.24895833333333334 0.04375 0.30143231481481475 0.2574144645941278 2 0.13514537037037036 0.22964399827288426 2 0 0 0 0 0 0 0 0 0 0 0 0
1 0.659375 0.25 0.2125 0.058333333333333334 0.5848524074074073 0.2535857944732297 2 0.7341066666666667 0.22719753886010358 2 0 0 0 0 0 0 0 0 0 0 0 0
7 0.6770833333333334 0.18645833333333334 0.21458333333333332 0.09583333333333334 0.5790967592592592 0.1519238773747841 2 0.7196542592592592 0.2194988773747841 2 0 0 0 0 0 0 0 0 0 0 0 0