5 0.5125 0.390625 0.6739583333333333 0.7322916666666667 0 0 0 0 0 0 0 0 0 0 0 0 0 0 0 0 0 0
10 0.446875 0.4479166666666667 0.096875 0.1625 0.43482351851851847 0.5170721502590673 2 0.4215133333333333 0.37273821243523314 2 0 0 0 0 0 0 0 0 0 0 0 0
8 0.6135416666666667 0.44479166666666664 0.12395833333333334 0.17604166666666668 0.5740016666666665 0.38327970639032816 2 0.6171875 0.5198129101899827 2 0 0 0 0 0 0 0 0 0 0 0 0
4 0.38125 0.60625 0.19791666666666666 0.18645833333333334 0.33300777777777774 0.6704632987910188 2 0.41710074074074066 0.5216513816925734 2 0 0 0 0 0 0 0 0 0 0 0 0
2 0.5854166666666667 0.615625 0.06875 0.178125 0.6066080555555555 0.6722595423143349 2 0.6009837962962963 0.5379948618307426 2 0 0 0 0 0 0 0 0 0 0 0 0
9 0.32395833333333335 0.215625 0.215625 0.11354166666666667 0.23524305555555552 0.27036783246977547 2 0.3747649074074074 0.173158506044905 2 0 0 0 0 0 0 0 0 0 0 0 0
6 0.5010416666666667 0.265625 0.2552083333333333 0.17708333333333334 0.37501814814814816 0.17598363557858374 2 0.6336444444444445 0.17784740932642487 2 0.6231373148148147 0.34560025906735753 2 0.37881583333333335 0.34084391191709845 2 0 0 0 0 0 0
7 0.6729166666666667 0.21875 0.14791666666666667 0.1125 0.6964699074074073 0.26824265975820377 2 0.6254521296296295 0.17827746113989637 2 0 0 0 0 0 0 0 0 0 0 0 0
1 0.7 0.30520833333333336 0.09375 0.06354166666666666 0.661946574074074 0.3192549654576856 2 0.6998878703703704 0.28250319516407596 2 0 0 0 0 0 0 0 0 0 0 0 0
3 0.3020833333333333 0.31354166666666666 0.22395833333333334 0.078125 0.23994509259259258 0.2860535405872193 2 0.3713288888888888 0.33285768566493956 2 0 0 0 0 0 0 0 0 0 0 0 0
0 0.5302083333333333 0.12291666666666666 0.31875 0.14270833333333333 0.5253906481481482 0.050759326424870466 2 0.41505712962962965 0.08157417962003453 2 0.43652342592592586 0.14867698618307426 2 0.500361574074074 0.17256817789291878 2 0.6364655555555554 0.15582832469775473 2 0.6282189814814815 0.06820759930915371 2