5 0.51875 0.37916666666666665 0.7322916666666667 0.5864583333333333 0 0 0 0 0 0 0 0 0 0 0 0 0 0 0 0 0 0
2 0.6364583333333333 0.5614583333333333 0.0875 0.13125 0.6565031481481481 0.6107563471502591 2 0.6248734259259259 0.49786977547495676 2 0 0 0 0 0 0 0 0 0 0 0 0
10 0.378125 0.42604166666666665 0.07604166666666666 0.13541666666666666 0.38067851851851847 0.48546455094991364 2 0.3797925 0.36973601036269427 2 0 0 0 0 0 0 0 0 0 0 0 0
8 0.5572916666666666 0.446875 0.140625 0.11875 0.6030092592592592 0.4939061744386874 2 0.5255352777777778 0.39782694300518134 2 0 0 0 0 0 0 0 0 0 0 0 0
6 0.51875 0.271875 0.20833333333333334 0.13541666666666666 0.4254738888888889 0.213005310880829 2 0.6157769444444444 0.2101970639032815 2 0.5655021296296296 0.32858208117443866 2 0.4181858333333333 0.3300747841105354 2 0 0 0 0 0 0
3 0.28854166666666664 0.3 0.13541666666666666 0.06458333333333334 0.33172379629629634 0.3241377806563039 2 0.25388824074074073 0.2796527202072539 2 0 0 0 0 0 0 0 0 0 0 0 0
7 0.6760416666666667 0.24375 0.18854166666666666 0.03958333333333333 0.606499537037037 0.24481528497409324 2 0.7261369444444444 0.23289943868739202 2 0 0 0 0 0 0 0 0 0 0 0 0
1 0.68125 0.2125 0.275 0.06354166666666666 0.7601453703703703 0.23985656303972364 2 0.6167353703703704 0.1868708981001727 2 0 0 0 0 0 0 0 0 0 0 0 0
0 0.5229166666666667 0.16875 0.209375 0.08125 0.5221696413874192 0.1325782745805576 2 0.4566696296296296 0.15455492227979273 2 0.4495624074074074 0.20093747841105353 2 0.5399667592592592 0.205415414507772 2 0.5855397222222222 0.18177724525043176 2 0.5799877777777778 0.1545380829015544 2
9 0.34270833333333334 0.24791666666666667 0.20416666666666666 0.08645833333333333 0.40448435185185183 0.21234192573402416 2 0.28484879629629634 0.2749639032815198 2 0 0 0 0 0 0 0 0 0 0 0 0
4 0.33958333333333335 0.5447916666666667 0.115625 0.15208333333333332 0.3112159259259259 0.6146356217616581 2 0.38252305555555555 0.4782119602763385 2 0 0 0 0 0 0 0 0 0 0 0 0