5 0.46979166666666666 0.34791666666666665 0.809375 0.621875 0 0 0 0 0 0 0 0 0 0 0 0 0 0 0 0 0 0
10 0.37083333333333335 0.39791666666666664 0.18645833333333334 0.14479166666666668 0.32939092592592595 0.46039270293609674 2 0.42433444444444446 0.3445461571675302 2 0 0 0 0 0 0 0 0 0 0 0 0
4 0.259375 0.5197916666666667 0.23645833333333333 0.16770833333333332 0.19838685185185184 0.5810209412780657 2 0.3407117592592593 0.4503825129533679 2 0 0 0 0 0 0 0 0 0 0 0 0
8 0.6416666666666667 0.41458333333333336 0.20104166666666667 0.146875 0.6673358333333332 0.46635496545768557 2 0.5886682407407408 0.347244689119171 2 0 0 0 0 0 0 0 0 0 0 0 0
9 0.359375 0.19375 0.08125 0.11458333333333333 0.36820027777777775 0.25350146804835927 2 0.38896111111111104 0.14218544905008634 2 0 0 0 0 0 0 0 0 0 0 0 0
6 0.5052083333333334 0.23229166666666667 0.2677083333333333 0.18645833333333334 0.38809314814814816 0.14324602763385147 2 0.626193611111111 0.1504142487046632 2 0.6093207407407407 0.30851109671848015 2 0.41248916666666663 0.3084436528497409 2 0 0 0 0 0 0
0 0.48020833333333335 0.08958333333333333 0.278125 0.12291666666666666 0.5434207407407408 0.044375388601036264 2 0.4436621330589849 0.04149892355114182 2 0.3943864814814815 0.07438907599309154 2 0.41800490740740737 0.13322737478411054 2 0.5223524074074073 0.1422087219343696 2 0.5697698148148148 0.09123018134715026 2
3 0.375 0.31145833333333334 0.109375 0.11770833333333333 0.36103879629629626 0.3628629533678756 2 0.36758537037037037 0.2583589810017271 2 0 0 0 0 0 0 0 0 0 0 0 0
1 0.6270833333333333 0.309375 0.09270833333333334 0.09375 0.6297743518518518 0.26366351468048355 2 0.636881574074074 0.3443521588946459 2 0 0 0 0 0 0 0 0 0 0 0 0
7 0.6197916666666666 0.20208333333333334 0.09791666666666667 0.12708333333333333 0.6099175 0.14946964594127804 2 0.6117259259259259 0.25020405872193435 2 0 0 0 0 0 0 0 0 0 0 0 0
2 0.7322916666666667 0.525 0.24166666666666667 0.159375 0.7851381481481481 0.5906516407599309 2 0.6712601851851852 0.4532244818652849 2 0 0 0 0 0 0 0 0 0 0 0 0