5 0.4375 0.3697916666666667 0.671875 0.6520833333333333 0 0 0 0 0 0 0 0 0 0 0 0 0 0 0 0 0 0
4 0.29791666666666666 0.5260416666666666 0.17916666666666667 0.15729166666666666 0.2675058333333333 0.5915624352331607 2 0.37524555555555555 0.4533566493955094 2 0 0 0 0 0 0 0 0 0 0 0 0
10 0.35 0.3958333333333333 0.15520833333333334 0.14166666666666666 0.33282694444444444 0.4607468911917098 2 0.3861883333333333 0.33413385146804836 2 0 0 0 0 0 0 0 0 0 0 0 0
8 0.5833333333333334 0.4010416666666667 0.16875 0.13958333333333334 0.5317864814814814 0.3374484455958549 2 0.6042389814814814 0.46052763385146805 2 0 0 0 0 0 0 0 0 0 0 0 0
9 0.28541666666666665 0.178125 0.215625 0.08541666666666667 0.32805268518518516 0.19995919689119168 2 0.23455240740740738 0.1426171416234888 2 0 0 0 0 0 0 0 0 0 0 0 0
6 0.4354166666666667 0.24270833333333333 0.25625 0.11666666666666667 0.3439260185185185 0.18352301381692573 2 0.5549225925925927 0.1814061744386874 2 0.5129846296296297 0.29210012953367875 2 0.3510923148148148 0.30130915371329875 2 0 0 0 0 0 0
7 0.596875 0.23645833333333333 0.125 0.078125 0.5520197222222222 0.20160259067357514 2 0.6145471296296297 0.27201230569948187 2 0 0 0 0 0 0 0 0 0 0 0 0
1 0.5864583333333333 0.30416666666666664 0.125 0.05 0.5555375 0.32327759067357514 2 0.6163967592592592 0.28458596718480134 2 0 0 0 0 0 0 0 0 0 0 0 0
3 0.29375 0.09375 0.23541666666666666 0.041666666666666664 0.40207249999999994 0.08742681347150259 2 0.2007235185185185 0.1111474525043178 2 0 0 0 0 0 0 0 0 0 0 0 0
0 0.446875 0.12708333333333333 0.28020833333333334 0.11666666666666667 0.42428027777777777 0.07773708981001727 2 0.3331344444444444 0.10325587219343696 2 0.34264685185185184 0.15263216753022452 2 0.4327618518518518 0.17487046632124353 2 0.4954969444444444 0.14457003454231432 2 0.542064537037037 0.09573350604490499 2
2 0.6104166666666667 0.5479166666666667 0.10416666666666667 0.1625 0.6045283333333332 0.609482944732297 2 0.5879062962962963 0.47176964594127807 2 0 0 0 0 0 0 0 0 0 0 0 0