5 0.5416666666666666 0.38333333333333336 0.5510416666666667 0.6427083333333333 0 0 0 0 0 0 0 0 0 0 0 0 0 0 0 0 0 0
2 0.5708333333333333 0.5572916666666666 0.13333333333333333 0.14166666666666666 0.5468568518518518 0.6162716321243523 2 0.5797163888888889 0.4934170984455958 2 0 0 0 0 0 0 0 0 0 0 0 0
4 0.521875 0.571875 0.10729166666666666 0.1625 0.551685462962963 0.6328597150259067 2 0.5208299999999999 0.5002107081174438 2 0 0 0 0 0 0 0 0 0 0 0 0
8 0.5927083333333333 0.42604166666666665 0.08958333333333333 0.159375 0.5822482407407407 0.4796287996545769 2 0.5978371296296295 0.3622220639032815 2 0 0 0 0 0 0 0 0 0 0 0 0
10 0.49375 0.43854166666666666 0.12916666666666668 0.14479166666666668 0.5088252777777778 0.49991062176165796 2 0.4578732407407407 0.3771871329879101 2 0 0 0 0 0 0 0 0 0 0 0 0
6 0.521875 0.28125 0.22708333333333333 0.1625 0.42712379629629627 0.20701040587219344 2 0.6582935185185185 0.21113316062176163 2 0.6109483333333333 0.3426148963730569 2 0.44393805555555554 0.3534599740932642 2 0 0 0 0 0 0
3 0.32083333333333336 0.321875 0.128125 0.084375 0.29199222222222226 0.3521359671848014 2 0.33701527777777773 0.29251157167530223 2 0 0 0 0 0 0 0 0 0 0 0 0
9 0.3770833333333333 0.25729166666666664 0.11770833333333333 0.10416666666666667 0.37480101851851855 0.29686493955094995 2 0.41087481481481475 0.2196811744386874 2 0 0 0 0 0 0 0 0 0 0 0 0
7 0.6791666666666667 0.24270833333333333 0.16458333333333333 0.06041666666666667 0.6372192592592593 0.22045941278065628 2 0.7097077777777778 0.26245751295336783 2 0 0 0 0 0 0 0 0 0 0 0 0
1 0.6489583333333333 0.290625 0.1875 0.053125 0.6965432407407407 0.27562245250431777 2 0.6077293518518518 0.30787016407599305 2 0 0 0 0 0 0 0 0 0 0 0 0
0 0.5572916666666666 0.15729166666666666 0.2916666666666667 0.12083333333333333 0.6184534259259259 0.0994525474956822 2 0.4478803703703704 0.1061990932642487 2 0.4174984259259259 0.16243998272884283 2 0.4823675925925926 0.1950848445595855 2 0.6282856481481481 0.1842406735751295 2 0.6287338888888888 0.15287517271157167 2