5 0.553125 0.4354166666666667 0.53125 0.75 0 0 0 0 0 0 0 0 0 0 0 0 0 0 0 0 0 0
7 0.7125 0.2791666666666667 0.08125 0.09375 0.6879822222222223 0.24064222797927462 2 0.7066876851851852 0.31281200345423144 2 0 0 0 0 0 0 0 0 0 0 0 0
4 0.5208333333333334 0.65625 0.07291666666666667 0.175 0.5218099074074074 0.7122581174438687 2 0.5088014814814814 0.5697955958549222 2 0 0 0 0 0 0 0 0 0 0 0 0
10 0.5020833333333333 0.4875 0.15520833333333334 0.15 0.5016999074074074 0.5588079447322971 2 0.48573129629629624 0.4181677461139896 2 0 0 0 0 0 0 0 0 0 0 0 0
2 0.6333333333333333 0.6729166666666667 0.10416666666666667 0.15 0.6304796296296296 0.7338639464594128 2 0.6404079629629629 0.606177158894646 2 0 0 0 0 0 0 0 0 0 0 0 0
8 0.6520833333333333 0.5208333333333334 0.10729166666666666 0.15520833333333334 0.6344762037037036 0.5868567357512954 2 0.6572627777777778 0.45413527633851464 2 0 0 0 0 0 0 0 0 0 0 0 0
6 0.5458333333333333 0.3229166666666667 0.26666666666666666 0.18958333333333333 0.4279151851851851 0.24555742659758203 2 0.6665220370370369 0.23047888601036265 2 0.6491427777777777 0.4130319516407599 2 0.46115453703703696 0.3888202936096718 2 0 0 0 0 0 0
3 0.41875 0.39375 0.09479166666666666 0.09166666666666666 0.4152778703703703 0.3514182210708117 2 0.398654537037037 0.4294344991364421 2 0 0 0 0 0 0 0 0 0 0 0 0
9 0.4197916666666667 0.3 0.0875 0.10104166666666667 0.40225333333333335 0.33508406735751295 2 0.41592416666666665 0.26171196027633853 2 0 0 0 0 0 0 0 0 0 0 0 0
1 0.671875 0.29583333333333334 0.14583333333333334 0.10208333333333333 0.7001049074074074 0.3268532815198618 2 0.6233000925925924 0.253079792746114 2 0 0 0 0 0 0 0 0 0 0 0 0
0 0.5520833333333334 0.16875 0.271875 0.14375 0.6509693518518519 0.1369211571675302 2 0.5468569444444444 0.10697491364421416 2 0.45091870370370374 0.14427487046632123 2 0.45874925925925925 0.20984287564766838 2 0.5605468518518518 0.23662664075993087 2 0.6729238888888888 0.20176390328151986 2