5 0.465625 0.38125 0.5145833333333333 0.6291666666666667 0 0 0 0 0 0 0 0 0 0 0 0 0 0 0 0 0 0
2 0.4322916666666667 0.5489583333333333 0.096875 0.14375 0.4277343518518518 0.6074674006908463 2 0.4241688888888888 0.48917923143350606 2 0 0 0 0 0 0 0 0 0 0 0 0
10 0.43125 0.42291666666666666 0.121875 0.14270833333333333 0.43793398148148144 0.48752223661485317 2 0.3994435185185185 0.3626130829015544 2 0 0 0 0 0 0 0 0 0 0 0 0
4 0.5697916666666667 0.5802083333333333 0.153125 0.14479166666666668 0.5154984259259259 0.6153018566493954 2 0.6032100925925925 0.5159168825561312 2 0 0 0 0 0 0 0 0 0 0 0 0
8 0.59375 0.421875 0.121875 0.14791666666666667 0.6045283333333332 0.47557240932642486 2 0.5541172222222223 0.3615099309153713 2 0 0 0 0 0 0 0 0 0 0 0 0
9 0.3854166666666667 0.2708333333333333 0.05520833333333333 0.11458333333333333 0.38203490740740736 0.3159660621761658 2 0.3881655555555555 0.22382508635578585 2 0 0 0 0 0 0 0 0 0 0 0 0
6 0.46145833333333336 0.2520833333333333 0.21354166666666666 0.18333333333333332 0.3970181481481481 0.16905336787564765 2 0.5509626851851852 0.163525 2 0.5682508333333334 0.341518609671848 2 0.3621057407407407 0.3284471502590673 2 0 0 0 0 0 0
0 0.503125 0.15416666666666667 0.23854166666666668 0.13229166666666667 0.5659541666666666 0.11054214162348877 2 0.4712456481481481 0.10311252158894645 2 0.4049298148148148 0.13864995682210707 2 0.43487777777777775 0.19987487046632121 2 0.5610351851851851 0.19613894645941274 2 0.5969871296296296 0.15466455094991363 2
3 0.340625 0.37083333333333335 0.11979166666666667 0.11979166666666667 0.30457898148148144 0.41143808290155437 2 0.37557870370370366 0.3135963298791019 2 0 0 0 0 0 0 0 0 0 0 0 0
1 0.6291666666666667 0.346875 0.0875 0.10104166666666667 0.6170247222222222 0.3795775474956822 2 0.640320462962963 0.3027757340241796 2 0 0 0 0 0 0 0 0 0 0 0 0
7 0.6385416666666667 0.25729166666666664 0.08541666666666667 0.11354166666666667 0.6045597222222221 0.21017189119170981 2 0.6502278703703703 0.29493367875647664 2 0 0 0 0 0 0 0 0 0 0 0 0