5 0.2677083333333333 0.4395833333333333 0.45208333333333334 0.378125 0 0 0 0 0 0 0 0 0 0 0 0 0 0 0 0 0 0
2 0.32916666666666666 0.5520833333333334 0.07604166666666666 0.07916666666666666 0.3232310185185185 0.5831139032815198 2 0.3176628703703704 0.5147958549222797 2 0 0 0 0 0 0 0 0 0 0 0 0
10 0.2 0.47604166666666664 0.1125 0.09166666666666666 0.16716629629629629 0.5126412780656303 2 0.24037 0.4363766839378238 2 0 0 0 0 0 0 0 0 0 0 0 0
8 0.35 0.46979166666666666 0.07395833333333333 0.09166666666666666 0.33389185185185183 0.5040859240069084 2 0.3238231481481481 0.42978294473229706 2 0 0 0 0 0 0 0 0 0 0 0 0
4 0.18645833333333334 0.5489583333333333 0.06875 0.08229166666666667 0.17211564814814814 0.5800265975820379 2 0.18283324074074073 0.5117343696027633 2 0 0 0 0 0 0 0 0 0 0 0 0
6 0.265625 0.3697916666666667 0.153125 0.078125 0.2108012962962963 0.33326973229706386 2 0.3021573148148148 0.33734615716753014 2 0.318649537037037 0.4047968911917098 2 0.22228879629629628 0.3998775043177893 2 0 0 0 0 0 0
9 0.2 0.35520833333333335 0.046875 0.05520833333333333 0.1948972222222222 0.37394840241796196 2 0.19579648148148146 0.32780924006908463 2 0 0 0 0 0 0 0 0 0 0 0 0
3 0.22083333333333333 0.41458333333333336 0.09375 0.06770833333333333 0.19318981481481481 0.38258432642487045 2 0.21303259259259258 0.4373943005181347 2 0 0 0 0 0 0 0 0 0 0 0 0
7 0.35625 0.32916666666666666 0.07708333333333334 0.058333333333333334 0.3670587962962963 0.31034835924006904 2 0.3367935185185185 0.3470105354058722 2 0 0 0 0 0 0 0 0 0 0 0 0
1 0.346875 0.30416666666666664 0.08541666666666667 0.01875 0.37204925925925925 0.3094154576856649 2 0.3313031481481481 0.29731999136442144 2 0 0 0 0 0 0 0 0 0 0 0 0
0 0.284375 0.3 0.1125 0.046875 0.2845440824025083 0.27923969744633603 2 0.2394790740740741 0.2885452936096718 2 0.24780657407407408 0.3158424006908463 2 0.28227759259259255 0.32023596718480135 2 0.31131351851851846 0.3097767702936096 2 0.30199851851851844 0.2891003022452504 2