5 0.4114583333333333 0.3875 0.6854166666666667 0.6677083333333333 0 0 0 0 0 0 0 0 0 0 0 0 0 0 0 0 0 0
10 0.36666666666666664 0.43020833333333336 0.14479166666666668 0.12291666666666666 0.33704064814814816 0.4827659326424871 2 0.37684472222222215 0.3668855785837651 2 0 0 0 0 0 0 0 0 0 0 0 0
8 0.5302083333333333 0.43020833333333336 0.11666666666666667 0.16041666666666668 0.5156612037037036 0.37460194300518135 2 0.5682327777777778 0.48425863557858373 2 0 0 0 0 0 0 0 0 0 0 0 0
4 0.31979166666666664 0.571875 0.14479166666666668 0.153125 0.3201859259259259 0.6304141191709844 2 0.32989740740740736 0.50482707253886 2 0 0 0 0 0 0 0 0 0 0 0 0
2 0.6 0.5791666666666667 0.08958333333333333 0.140625 0.6495044444444443 0.6197967184801382 2 0.5959744444444444 0.5207320811744387 2 0 0 0 0 0 0 0 0 0 0 0 0
9 0.290625 0.24270833333333333 0.24270833333333333 0.09583333333333334 0.19321472222222222 0.27386757340241796 2 0.370515 0.21206925734024176 2 0 0 0 0 0 0 0 0 0 0 0 0
6 0.46875 0.28020833333333334 0.209375 0.17083333333333334 0.36178027777777777 0.20490949913644213 2 0.5884693518518519 0.19943635578583765 2 0.5612522222222222 0.354488816925734 2 0.38979314814814814 0.3568754317789292 2 0 0 0 0 0 0
7 0.6541666666666667 0.25729166666666664 0.15625 0.10729166666666666 0.7028718518518517 0.29809611398963726 2 0.6025029629629629 0.21914464594127805 2 0 0 0 0 0 0 0 0 0 0 0 0
1 0.6322916666666667 0.32083333333333336 0.22083333333333333 0.052083333333333336 0.5629882407407406 0.33316973229706387 2 0.6810618518518518 0.3057955958549223 2 0 0 0 0 0 0 0 0 0 0 0 0
3 0.259375 0.3 0.19583333333333333 0.057291666666666664 0.18475120370370368 0.28032741796200344 2 0.3226635185185185 0.31953329015544035 2 0 0 0 0 0 0 0 0 0 0 0 0
0 0.496875 0.14375 0.24479166666666666 0.10104166666666667 0.49023435185185177 0.09693104490500863 2 0.39534499999999995 0.13364067357512954 2 0.40583407407407407 0.17242487046632124 2 0.4853335185185185 0.195000518134715 2 0.5888129629629629 0.17451632124352331 2 0.5903138888888889 0.12155591537132988 2