5 0.615625 0.34479166666666666 0.6104166666666667 0.6375 0 0 0 0 0 0 0 0 0 0 0 0 0 0 0 0 0 0
2 0.6947916666666667 0.5604166666666667 0.16666666666666666 0.159375 0.7284433333333332 0.6177727547495682 2 0.6703559259259259 0.4893438255613126 2 0 0 0 0 0 0 0 0 0 0 0 0
10 0.465625 0.4010416666666667 0.11875 0.15520833333333334 0.4947374074074074 0.4628889032815199 2 0.47290925925925925 0.3309770293609672 2 0 0 0 0 0 0 0 0 0 0 0 0
4 0.5104166666666666 0.5229166666666667 0.13645833333333332 0.1625 0.5100911111111112 0.5860133851468048 2 0.48201407407407404 0.4521030224525043 2 0 0 0 0 0 0 0 0 0 0 0 0
8 0.64375 0.4041666666666667 0.10104166666666667 0.153125 0.6655815740740739 0.46157335924006904 2 0.6372431481481481 0.3439220207253886 2 0 0 0 0 0 0 0 0 0 0 0 0
9 0.45729166666666665 0.21041666666666667 0.128125 0.13020833333333334 0.42180268518518516 0.25049926597582034 2 0.5107781481481481 0.15073670120898097 2 0 0 0 0 0 0 0 0 0 0 0 0
6 0.590625 0.22708333333333333 0.215625 0.16666666666666666 0.4972512037037037 0.1490986614853195 2 0.6909541666666665 0.1468048359240069 2 0.6803747222222222 0.29826476683937825 2 0.5027849999999999 0.29958035405872185 2 0 0 0 0 0 0
0 0.5322916666666667 0.09479166666666666 0.278125 0.12291666666666666 0.5956125925925926 0.04966299654576856 2 0.49585398491083676 0.046786531495874105 2 0.4465783333333333 0.07967668393782383 2 0.47019675925925924 0.13851498272884283 2 0.5745442592592592 0.1474963298791019 2 0.6219616666666667 0.09651778929188255 2
3 0.43645833333333334 0.2947916666666667 0.10520833333333333 0.08854166666666667 0.41827620370370366 0.322459585492228 2 0.44035731481481477 0.2554326424870466 2 0 0 0 0 0 0 0 0 0 0 0 0
1 0.73125 0.31666666666666665 0.12083333333333333 0.0875 0.7551902777777778 0.27409529360967183 2 0.7077184259259259 0.34352569084628665 2 0 0 0 0 0 0 0 0 0 0 0 0
7 0.7166666666666667 0.21458333333333332 0.11666666666666667 0.13333333333333333 0.696958148148148 0.15943769430051813 2 0.7371237962962963 0.2690522020725388 2 0 0 0 0 0 0 0 0 0 0 0 0