5 0.553125 0.38125 0.6895833333333333 0.7625 0 0 0 0 0 0 0 0 0 0 0 0 0 0 0 0 0 0
10 0.4010416666666667 0.39166666666666666 0.134375 0.23854166666666668 0.3659938888888889 0.49997806563039726 2 0.4002097222222222 0.27993104490500864 2 0 0 0 0 0 0 0 0 0 0 0 0
4 0.39375 0.6145833333333334 0.09479166666666666 0.21145833333333333 0.39071546296296294 0.6955014248704663 2 0.3968903703703703 0.5204455526770293 2 0 0 0 0 0 0 0 0 0 0 0 0
2 0.5677083333333334 0.59375 0.07604166666666666 0.18854166666666666 0.5688837962962963 0.6733558721934368 2 0.5572243518518518 0.5071528065630397 2 0 0 0 0 0 0 0 0 0 0 0 0
8 0.5802083333333333 0.41770833333333335 0.14895833333333333 0.21770833333333334 0.5778717592592593 0.50825103626943 2 0.5507153703703704 0.32418665803108804 2 0 0 0 0 0 0 0 0 0 0 0 0
9 0.3489583333333333 0.17291666666666666 0.096875 0.15520833333333334 0.33496092592592586 0.23708203799654576 2 0.37742314814814815 0.10061826424870465 2 0 0 0 0 0 0 0 0 0 0 0 0
6 0.478125 0.18125 0.21875 0.19895833333333332 0.38328268518518516 0.08712322970639033 2 0.576985648148148 0.08482940414507771 2 0.5702944444444444 0.26777042314335053 2 0.3705874074074074 0.27083164939550947 2 0 0 0 0 0 0
0 0.4666666666666667 0.04375 0.24166666666666667 0.0875 0.5740198148148148 0.018032253886010364 2 0.4362696913580246 0.009846065385950961 2 0.4372649074074074 0.023874352331606216 2 0.45545787037037033 0.05685651986183073 2 0.5562608333333333 0.05495060449050086 2 0.5704933333333333 0.07533575129533678 2
3 0.3302083333333333 0.328125 0.09479166666666666 0.12708333333333333 0.3000579629629629 0.38845768566493954 2 0.34888601851851847 0.2549182210708117 2 0 0 0 0 0 0 0 0 0 0 0 0
1 0.634375 0.315625 0.096875 0.140625 0.6179108333333333 0.35855358376511226 2 0.6477032407407407 0.25439607081174437 2 0 0 0 0 0 0 0 0 0 0 0 0
7 0.66875 0.18333333333333332 0.10104166666666667 0.19270833333333334 0.6584381481481482 0.24984991364421413 2 0.6612955555555555 0.0940974525043178 2 0 0 0 0 0 0 0 0 0 0 0 0