5 0.8322916666666667 0.2791666666666667 0.21041666666666667 0.31979166666666664 0 0 0 0 0 0 0 0 0 0 0 0 0 0 0 0 0 0
8 0.8239583333333333 0.3125 0.04583333333333333 0.06979166666666667 0.8257397222222221 0.28674287564766837 2 0.8235031481481482 0.3370727115716753 2 0 0 0 0 0 0 0 0 0 0 0 0
2 0.8104166666666667 0.365625 0.07083333333333333 0.06458333333333334 0.8188663888888889 0.39066398963730564 2 0.8226655555555555 0.34284054404145076 2 0 0 0 0 0 0 0 0 0 0 0 0
0 0.825 0.18229166666666666 0.13333333333333333 0.06875 0.8315631481481481 0.1606986614853195 2 0.7904664814814814 0.1665020725388601 2 0.7904704629629629 0.17984145077720207 2 0.8037213888888888 0.19509810017271156 2 0.846448611111111 0.19702482728842832 2 0.8576162037037036 0.1683564335060449 2
10 0.8520833333333333 0.3072916666666667 0.11979166666666667 0.06354166666666666 0.8777275925925925 0.33471748704663207 2 0.8079072222222222 0.2813886442141624 2 0 0 0 0 0 0 0 0 0 0 0 0
4 0.8614583333333333 0.3770833333333333 0.042708333333333334 0.075 0.8561079629629629 0.40338225388601034 2 0.8581014814814815 0.34539697754749565 2 0 0 0 0 0 0 0 0 0 0 0 0
7 0.8927083333333333 0.225 0.05520833333333333 0.04479166666666667 0.8998523148148148 0.24080595854922276 2 0.8723038888888889 0.20634930915371327 2 0 0 0 0 0 0 0 0 0 0 0 0
1 0.8604166666666667 0.24895833333333334 0.10520833333333333 0.022916666666666665 0.8270318518518518 0.250822322970639 2 0.889056574074074 0.24502245250431776 2 0 0 0 0 0 0 0 0 0 0 0 0
6 0.8322916666666667 0.246875 0.10625 0.084375 0.7879381481481481 0.20978886010362693 2 0.873694074074074 0.20854581174438686 2 0.8709443518518518 0.28279119170984457 2 0.7871653703703704 0.28157370466321235 2 0 0 0 0 0 0
3 0.8614583333333333 0.2604166666666667 0.09375 0.014583333333333334 0.8380393518518517 0.25991683937823834 2 0.8889793518518518 0.2579991364421416 2 0 0 0 0 0 0 0 0 0 0 0 0
9 0.7958333333333333 0.228125 0.041666666666666664 0.042708333333333334 0.8083792592592594 0.24458082901554404 2 0.7843746296296296 0.21397923143350603 2 0 0 0 0 0 0 0 0 0 0 0 0