5 0.746875 0.38333333333333336 0.409375 0.5114583333333333 0 0 0 0 0 0 0 0 0 0 0 0 0 0 0 0 0 0
2 0.8125 0.5197916666666667 0.08333333333333333 0.11354166666666667 0.8041352777777777 0.5729960276338514 2 0.8053929629629628 0.46573177892918827 2 0 0 0 0 0 0 0 0 0 0 0 0
10 0.6947916666666667 0.421875 0.11458333333333333 0.11770833333333333 0.6487749074074074 0.469101597582038 2 0.721119074074074 0.3645117875647668 2 0 0 0 0 0 0 0 0 0 0 0 0
8 0.81875 0.4114583333333333 0.04583333333333333 0.11354166666666667 0.8161842592592593 0.4531618739205526 2 0.8252674074074074 0.36522664075993094 2 0 0 0 0 0 0 0 0 0 0 0 0
4 0.6541666666666667 0.5197916666666667 0.042708333333333334 0.11458333333333333 0.6569708333333334 0.5656256908462868 2 0.6569305555555556 0.4667032383419689 2 0 0 0 0 0 0 0 0 0 0 0 0
6 0.7541666666666667 0.303125 0.16145833333333334 0.090625 0.6873747222222222 0.2564805267702936 2 0.8252835185185184 0.26355595854922276 2 0.7991316666666666 0.3390041450777202 2 0.708225648148148 0.3419506908462867 2 0 0 0 0 0 0
9 0.63125 0.27708333333333335 0.10104166666666667 0.04895833333333333 0.6104012037037037 0.2971430483592401 2 0.6698698148148148 0.2602610535405872 2 0 0 0 0 0 0 0 0 0 0 0 0
3 0.6510416666666666 0.3104166666666667 0.15208333333333332 0.026041666666666668 0.701446111111111 0.3135149395509499 2 0.5969778703703703 0.30602491364421414 2 0 0 0 0 0 0 0 0 0 0 0 0
7 0.8375 0.27708333333333335 0.08125 0.053125 0.8161308333333334 0.25759693436960274 2 0.8381528703703703 0.2980716753022452 2 0 0 0 0 0 0 0 0 0 0 0 0
1 0.81875 0.29270833333333335 0.09583333333333334 0.06458333333333334 0.8222452777777778 0.31488972366148527 2 0.7919286111111111 0.2603578583765112 2 0 0 0 0 0 0 0 0 0 0 0 0
0 0.7697916666666667 0.22291666666666668 0.1125 0.046875 0.7697634342543601 0.20206676998519615 2 0.7246984259259259 0.21137236614853194 2 0.7330259259259259 0.23866947322970639 2 0.7674969444444444 0.24306303972366147 2 0.7965328703703703 0.23260384283246976 2 0.7872178703703703 0.21192737478411053 2