5 0.49583333333333335 0.4739583333333333 0.48125 0.71875 0 0 0 0 0 0 0 0 0 0 0 0 0 0 0 0 0 0
4 0.48854166666666665 0.665625 0.06666666666666667 0.109375 0.49088277777777783 0.705359542314335 2 0.48082481481481476 0.6117928756476683 2 0 0 0 0 0 0 0 0 0 0 0 0
10 0.46979166666666666 0.51875 0.08645833333333333 0.14583333333333334 0.4679904629629629 0.5852206822107081 2 0.4598462962962963 0.4518229274611399 2 0 0 0 0 0 0 0 0 0 0 0 0
2 0.5552083333333333 0.66875 0.09375 0.12083333333333333 0.5027307407407408 0.7166349740932642 2 0.5441850925925926 0.613654792746114 2 0 0 0 0 0 0 0 0 0 0 0 0
8 0.5927083333333333 0.5208333333333334 0.11041666666666666 0.12083333333333333 0.5654973148148148 0.5709259499136441 2 0.5882431481481482 0.46443104490500864 2 0 0 0 0 0 0 0 0 0 0 0 0
6 0.55 0.340625 0.20625 0.18020833333333333 0.4499333333333333 0.2526689550949913 2 0.6573169444444443 0.24622361830742662 2 0.6475513888888889 0.42515889464594125 2 0.45554833333333333 0.4250492659758203 2 0 0 0 0 0 0
3 0.41458333333333336 0.40625 0.11041666666666666 0.10208333333333333 0.44907787037037034 0.36319093264248703 2 0.4057617592592592 0.44293601036269425 2 0 0 0 0 0 0 0 0 0 0 0 0
9 0.425 0.30520833333333336 0.0875 0.071875 0.42701101851851847 0.3395958549222798 2 0.43359277777777777 0.28126006044905005 2 0 0 0 0 0 0 0 0 0 0 0 0
7 0.7010416666666667 0.29375 0.084375 0.07916666666666666 0.6924128703703702 0.2621130829015544 2 0.700303888888889 0.3185044041450777 2 0 0 0 0 0 0 0 0 0 0 0 0
1 0.6739583333333333 0.28958333333333336 0.11458333333333333 0.08645833333333333 0.6978081481481481 0.3187068221070811 2 0.6487630555555555 0.25536519861830737 2 0 0 0 0 0 0 0 0 0 0 0 0
0 0.5697916666666667 0.20208333333333334 0.2791666666666667 0.12916666666666668 0.638943148148148 0.1521261658031088 2 0.5224428703703704 0.14715060449050082 2 0.4499240740740741 0.16960816062176162 2 0.4465061111111111 0.2231757340241796 2 0.5640914814814815 0.2573807426597582 2 0.6593786111111111 0.20802974956822107 2