5 0.25833333333333336 0.4322916666666667 0.415625 0.3541666666666667 0 0 0 0 0 0 0 0 0 0 0 0 0 0 0 0 0 0
2 0.275 0.5572916666666666 0.07604166666666666 0.07916666666666666 0.25927388888888886 0.5946911917098444 2 0.2633134259259259 0.5199280224525042 2 0 0 0 0 0 0 0 0 0 0 0 0
10 0.18229166666666666 0.46875 0.07604166666666666 0.09375 0.16298166666666664 0.5104368307426598 2 0.20433037037037036 0.4285802245250432 2 0 0 0 0 0 0 0 0 0 0 0 0
8 0.27708333333333335 0.48333333333333334 0.065625 0.09791666666666667 0.2738406481481482 0.5283972366148532 2 0.27251574074074075 0.4411517271157167 2 0 0 0 0 0 0 0 0 0 0 0 0
4 0.17395833333333333 0.5458333333333333 0.096875 0.071875 0.1944114814814815 0.5719348877374785 2 0.13550944444444443 0.5134835492227979 2 0 0 0 0 0 0 0 0 0 0 0 0
6 0.27291666666666664 0.3614583333333333 0.153125 0.078125 0.20343064814814812 0.3262677029360967 2 0.34473361111111106 0.33980470639032817 2 0.3264638888888889 0.39630509499136435 2 0.21202185185185182 0.39453337651122616 2 0 0 0 0 0 0
9 0.18854166666666666 0.3541666666666667 0.059375 0.040625 0.1678337962962963 0.3710602331606217 2 0.21607648148148145 0.33395617443868736 2 0 0 0 0 0 0 0 0 0 0 0 0
3 0.21666666666666667 0.39375 0.12395833333333334 0.03333333333333333 0.17346027777777775 0.37942314335060445 2 0.2578817592592592 0.3990910621761658 2 0 0 0 0 0 0 0 0 0 0 0 0
7 0.3385416666666667 0.3645833333333333 0.036458333333333336 0.041666666666666664 0.33977851851851854 0.3514394645941278 2 0.33116527777777777 0.38040284974093264 2 0 0 0 0 0 0 0 0 0 0 0 0
1 0.33229166666666665 0.39895833333333336 0.06145833333333333 0.021875 0.34112037037037035 0.4081892055267703 2 0.3283797222222222 0.39137594991364416 2 0 0 0 0 0 0 0 0 0 0 0 0
0 0.28541666666666665 0.30104166666666665 0.1125 0.046875 0.28529241573584163 0.2799623658401184 2 0.2402274074074074 0.2892679620034542 2 0.2485549074074074 0.31656506908462867 2 0.2830259259259259 0.32095863557858373 2 0.3120618518518518 0.31049943868739205 2 0.30274685185185185 0.28982297063903284 2