5 0.5760416666666667 0.39375 0.540625 0.5927083333333333 0 0 0 0 0 0 0 0 0 0 0 0 0 0 0 0 0 0
4 0.521875 0.5854166666666667 0.13854166666666667 0.171875 0.537004537037037 0.665853713298791 2 0.4968649074074074 0.5095084628670121 2 0 0 0 0 0 0 0 0 0 0 0 0
2 0.6572916666666667 0.58125 0.103125 0.14479166666666668 0.6193363888888889 0.6387155008635579 2 0.6378029629629629 0.5166322538860103 2 0 0 0 0 0 0 0 0 0 0 0 0
8 0.653125 0.434375 0.10729166666666666 0.134375 0.6444505555555556 0.49473134715025907 2 0.6750507407407407 0.3774898100172711 2 0 0 0 0 0 0 0 0 0 0 0 0
10 0.5125 0.4354166666666667 0.096875 0.14375 0.5116044444444444 0.5012917962003454 2 0.5047362037037036 0.3641122625215889 2 0 0 0 0 0 0 0 0 0 0 0 0
6 0.5333333333333333 0.30520833333333336 0.3020833333333333 0.20416666666666666 0.3960194444444445 0.22651964594127805 2 0.630214074074074 0.20770695164075992 2 0.6652052777777777 0.39524054404145076 2 0.46897657407407406 0.3963640759930915 2 0 0 0 0 0 0
9 0.43645833333333334 0.2791666666666667 0.1 0.121875 0.42055361111111106 0.23682443868739206 2 0.4608293518518518 0.33199136442141625 2 0 0 0 0 0 0 0 0 0 0 0 0
3 0.5083333333333333 0.3802083333333333 0.153125 0.10833333333333334 0.4643818518518518 0.3400392918825561 2 0.5179898148148148 0.41184624352331606 2 0 0 0 0 0 0 0 0 0 0 0 0
7 0.6291666666666667 0.26666666666666666 0.11979166666666667 0.13333333333333333 0.609681574074074 0.20921679620034542 2 0.6426462962962963 0.32164930915371326 2 0 0 0 0 0 0 0 0 0 0 0 0
1 0.6520833333333333 0.3572916666666667 0.057291666666666664 0.11041666666666666 0.6470437037037036 0.31371031951640754 2 0.6407635185185184 0.3907775906735751 2 0 0 0 0 0 0 0 0 0 0 0 0
0 0.49895833333333334 0.1625 0.25729166666666664 0.125 0.5470086111111112 0.11530440414507771 2 0.42874462962962956 0.13079399827288427 2 0.4080011111111111 0.16930889464594126 2 0.41682074074074077 0.21053609671848014 2 0.5898740740740741 0.21286161485319516 2 0.5930343518518518 0.14486735751295338 2