5 0.6697916666666667 0.2708333333333333 0.29270833333333335 0.45625 0 0 0 0 0 0 0 0 0 0 0 0 0 0 0 0 0 0
10 0.6145833333333334 0.2916666666666667 0.10208333333333333 0.090625 0.6372980555555555 0.32771865284974094 2 0.6378918518518517 0.2480428324697755 2 0 0 0 0 0 0 0 0 0 0 0 0
4 0.6291666666666667 0.3927083333333333 0.0875 0.10625 0.6363551851851851 0.43472361830742656 2 0.651447685185185 0.3517482297063903 2 0 0 0 0 0 0 0 0 0 0 0 0
8 0.7260416666666667 0.28958333333333336 0.07395833333333333 0.1 0.7407683333333334 0.328994127806563 2 0.7338208333333333 0.2548490069084629 2 0 0 0 0 0 0 0 0 0 0 0 0
2 0.746875 0.39791666666666664 0.046875 0.09270833333333334 0.7392139814814814 0.43736865284974086 2 0.7516689814814814 0.3595383419689119 2 0 0 0 0 0 0 0 0 0 0 0 0
9 0.603125 0.16458333333333333 0.07916666666666666 0.08333333333333333 0.5861697222222222 0.196388298791019 2 0.6247647222222222 0.12823691709844556 2 0 0 0 0 0 0 0 0 0 0 0 0
6 0.6802083333333333 0.18125 0.10520833333333333 0.11458333333333333 0.6240825925925926 0.12713458549222798 2 0.7198221296296297 0.12573838514680483 2 0.7218230555555555 0.23551955958549223 2 0.6222628703703703 0.22982983592400688 2 0 0 0 0 0 0
0 0.6791666666666667 0.08958333333333333 0.12604166666666666 0.057291666666666664 0.70696 0.07255613126079447 2 0.6631972736625513 0.06780346248435086 2 0.6369712962962962 0.08052102763385147 2 0.6560308333333332 0.11343203799654575 2 0.7066337037037036 0.12098791018998273 2 0.7264979629629629 0.09426014680483591 2
3 0.5864583333333333 0.234375 0.06666666666666667 0.0375 0.5904396296296296 0.2501633419689119 2 0.581330462962963 0.21716796200345423 2 0 0 0 0 0 0 0 0 0 0 0 0
1 0.7770833333333333 0.24583333333333332 0.03333333333333333 0.05416666666666667 0.7901193518518518 0.26065293609671847 2 0.7663918518518519 0.21591550086355785 2 0 0 0 0 0 0 0 0 0 0 0 0
7 0.7510416666666667 0.17604166666666668 0.0375 0.08645833333333333 0.7536507407407407 0.20914304835924005 2 0.7547051631393297 0.14848371242495267 2 0 0 0 0 0 0 0 0 0 0 0 0