5 0.4822916666666667 0.33958333333333335 0.6875 0.615625 0 0 0 0 0 0 0 0 0 0 0 0 0 0 0 0 0 0
4 0.290625 0.49583333333333335 0.07395833333333333 0.13020833333333334 0.29544240740740746 0.5536806563039723 2 0.29309629629629624 0.4362394645941278 2 0 0 0 0 0 0 0 0 0 0 0 0
10 0.3770833333333333 0.378125 0.30416666666666664 0.11875 0.2795126851851852 0.42342728842832467 2 0.4498694444444444 0.32600898100172704 2 0 0 0 0 0 0 0 0 0 0 0 0
8 0.6229166666666667 0.3614583333333333 0.128125 0.140625 0.6028988888888889 0.29664326424870463 2 0.6540633333333333 0.4200761658031088 2 0 0 0 0 0 0 0 0 0 0 0 0
9 0.325 0.21666666666666667 0.1 0.115625 0.31424861111111113 0.17173911917098442 2 0.3468466666666667 0.2680167962003454 2 0 0 0 0 0 0 0 0 0 0 0 0
6 0.4947916666666667 0.20833333333333334 0.4114583333333333 0.19479166666666667 0.30336787037037033 0.1555644645941278 2 0.532880925925926 0.11063514680483591 2 0.6066389814814814 0.2506984455958549 2 0.420446574074074 0.2790282815198618 2 0 0 0 0 0 0
7 0.6072916666666667 0.18333333333333332 0.17083333333333334 0.13125 0.5394878703703704 0.12170172711571675 2 0.6308149074074073 0.23586347150259065 2 0 0 0 0 0 0 0 0 0 0 0 0
1 0.6520833333333333 0.2635416666666667 0.14479166666666668 0.07395833333333333 0.6315723148148148 0.23416075129533676 2 0.6922433333333333 0.29176092400690845 2 0 0 0 0 0 0 0 0 0 0 0 0
3 0.33229166666666665 0.31666666666666665 0.08854166666666667 0.09479166666666666 0.3480858333333333 0.27454909326424864 2 0.32556203703703707 0.3510351899827288 2 0 0 0 0 0 0 0 0 0 0 0 0
0 0.428125 0.08541666666666667 0.28020833333333334 0.11666666666666667 0.40625962962962964 0.03588596718480139 2 0.3194082407407407 0.04800168393782383 2 0.3246262037037037 0.11078104490500862 2 0.4147412037037037 0.1330193436960276 2 0.47747629629629623 0.10271891191709843 2 0.47162750000000003 0.05706999136442142 2
2 0.6854166666666667 0.48125 0.146875 0.13958333333333334 0.6905297222222223 0.5442174438687392 2 0.6408790740740741 0.41607487046632124 2 0 0 0 0 0 0 0 0 0 0 0 0