5 0.5 0.38125 0.5364583333333334 0.603125 0 0 0 0 0 0 0 0 0 0 0 0 0 0 0 0 0 0
2 0.5395833333333333 0.5604166666666667 0.10416666666666667 0.16354166666666667 0.5113570370370369 0.6218375647668393 2 0.5645847222222221 0.48572409326424865 2 0 0 0 0 0 0 0 0 0 0 0 0
10 0.4239583333333333 0.4125 0.1 0.14479166666666668 0.4140082407407407 0.4700318652849741 2 0.4407188888888889 0.3470001295336787 2 0 0 0 0 0 0 0 0 0 0 0 0
4 0.44895833333333335 0.5520833333333334 0.10208333333333333 0.16458333333333333 0.4593461111111111 0.6163138169257341 2 0.4037805555555556 0.48208298791019 2 0 0 0 0 0 0 0 0 0 0 0 0
8 0.553125 0.4 0.10104166666666667 0.153125 0.5602213888888888 0.4607806563039723 2 0.546459074074074 0.33944399827288424 2 0 0 0 0 0 0 0 0 0 0 0 0
9 0.378125 0.25104166666666666 0.04583333333333333 0.11041666666666666 0.3791956481481481 0.2969323402417962 2 0.38322824074074074 0.20091411917098442 2 0 0 0 0 0 0 0 0 0 0 0 0
6 0.490625 0.275 0.215625 0.16666666666666666 0.39711740740740736 0.19618113126079445 2 0.5908203703703703 0.19388730569948184 2 0.5802409259259259 0.34534723661485317 2 0.40265120370370366 0.34666282383419683 2 0 0 0 0 0 0
0 0.49166666666666664 0.14791666666666667 0.278125 0.12291666666666666 0.5554469444444444 0.10327275474956821 2 0.45568833676268855 0.10039628969967375 2 0.4064126851851852 0.13328644214162347 2 0.4300311111111111 0.19212474093264248 2 0.5343786111111111 0.20110608808290156 2 0.5817960185185185 0.1501275474956822 2
3 0.3885416666666667 0.3104166666666667 0.05 0.059375 0.3983109259259259 0.32181023316062174 2 0.3811849074074074 0.2885582037996546 2 0 0 0 0 0 0 0 0 0 0 0 0
1 0.5979166666666667 0.353125 0.08229166666666667 0.09791666666666667 0.6023582407407407 0.3055173575129534 2 0.6276584259259258 0.3865349309153713 2 0 0 0 0 0 0 0 0 0 0 0 0
7 0.6197916666666666 0.2635416666666667 0.11666666666666667 0.13333333333333333 0.5997359259259258 0.20810561312607945 2 0.639901574074074 0.31772012089810014 2 0 0 0 0 0 0 0 0 0 0 0 0