5 0.5020833333333333 0.37604166666666666 0.521875 0.41458333333333336 0 0 0 0 0 0 0 0 0 0 0 0 0 0 0 0 0 0
2 0.5510416666666667 0.5072916666666667 0.05416666666666667 0.096875 0.5497325 0.5442192573402418 2 0.5555931481481482 0.4620335924006908 2 0 0 0 0 0 0 0 0 0 0 0 0
10 0.4510416666666667 0.4197916666666667 0.11145833333333334 0.12083333333333333 0.41688527777777773 0.4697676165803109 2 0.4704162962962963 0.36863626943005184 2 0 0 0 0 0 0 0 0 0 0 0 0
8 0.5447916666666667 0.41354166666666664 0.07291666666666667 0.11458333333333333 0.5643759259259259 0.46609563903281515 2 0.5472439814814815 0.36191256476683936 2 0 0 0 0 0 0 0 0 0 0 0 0
6 0.5291666666666667 0.296875 0.21041666666666667 0.10208333333333333 0.4338021296296296 0.25479114853195167 2 0.6241051851851851 0.2519829015544041 2 0.5651160185185184 0.34407413644214163 2 0.4565036111111111 0.34802681347150255 2 0 0 0 0 0 0
3 0.39791666666666664 0.31666666666666665 0.12708333333333333 0.0375 0.44439611111111105 0.3245271588946459 2 0.3548237037037037 0.3034238773747841 2 0 0 0 0 0 0 0 0 0 0 0 0
7 0.6354166666666666 0.2760416666666667 0.18958333333333333 0.04479166666666667 0.5657267592592593 0.259687219343696 2 0.6615715740740741 0.2929427461139896 2 0 0 0 0 0 0 0 0 0 0 0 0
1 0.61875 0.30416666666666664 0.1375 0.034375 0.5663396296296296 0.3189363557858377 2 0.6635668518518518 0.2941999568221071 2 0 0 0 0 0 0 0 0 0 0 0 0
0 0.503125 0.22291666666666668 0.16666666666666666 0.07395833333333333 0.5146236111111111 0.19242383419689119 2 0.4668744444444444 0.2139034542314335 2 0.4822382407407408 0.2453268134715026 2 0.5234156481481481 0.24421325561312604 2 0.5486273148148147 0.22339628670120898 2 0.5469498148148147 0.20572668393782384 2
9 0.39479166666666665 0.278125 0.10729166666666666 0.041666666666666664 0.4311169444444444 0.2636573834196891 2 0.3582324074074074 0.29569900690846285 2 0 0 0 0 0 0 0 0 0 0 0 0
4 0.38958333333333334 0.496875 0.11145833333333334 0.103125 0.3727081481481482 0.5431746977547495 2 0.43485083333333324 0.45419693436960273 2 0 0 0 0 0 0 0 0 0 0 0 0