5 0.5270833333333333 0.4083333333333333 0.628125 0.6302083333333334 0 0 0 0 0 0 0 0 0 0 0 0 0 0 0 0 0 0
2 0.68125 0.6020833333333333 0.15208333333333332 0.10520833333333333 0.7233073148148148 0.6331633419689119 2 0.6376953703703703 0.5604945595854922 2 0 0 0 0 0 0 0 0 0 0 0 0
4 0.3385416666666667 0.5958333333333333 0.16145833333333334 0.13333333333333333 0.2854817592592592 0.6378521588946459 2 0.3763431481481481 0.5449076856649395 2 0 0 0 0 0 0 0 0 0 0 0 0
8 0.6010416666666667 0.5 0.17604166666666668 0.14791666666666667 0.6549117592592592 0.5479038428324698 2 0.5763708333333334 0.4431468480138169 2 0 0 0 0 0 0 0 0 0 0 0 0
10 0.409375 0.5020833333333333 0.14270833333333333 0.146875 0.3785807407407408 0.5638256908462866 2 0.43677611111111114 0.43939740932642485 2 0 0 0 0 0 0 0 0 0 0 0 0
6 0.5125 0.37083333333333335 0.221875 0.13229166666666667 0.45567490740740735 0.3034849309153713 2 0.5879449074074075 0.3069509499136442 2 0.5846173148148147 0.42507456822107076 2 0.4306098148148148 0.42304214162348874 2 0 0 0 0 0 0
9 0.415625 0.27291666666666664 0.096875 0.09270833333333334 0.4106986111111111 0.23489132124352327 2 0.44198499999999996 0.30510410189982723 2 0 0 0 0 0 0 0 0 0 0 0 0
3 0.44479166666666664 0.20208333333333334 0.0875 0.07916666666666666 0.41654009259259256 0.22767905872193436 2 0.4819209259259259 0.16409119170984454 2 0 0 0 0 0 0 0 0 0 0 0 0
0 0.5072916666666667 0.2552083333333333 0.240625 0.10833333333333334 0.5926909259259258 0.2198149827288428 2 0.5060660185185185 0.19887689982728843 2 0.41875703703703704 0.22800293609671846 2 0.4623451851851852 0.2891711571675302 2 0.5620018518518518 0.2863562176165803 2 0.608420925925926 0.25843294473229705 2
7 0.6197916666666666 0.26458333333333334 0.08645833333333333 0.08645833333333333 0.6097728703703704 0.29363497409326417 2 0.6155268518518519 0.2341264680483592 2 0 0 0 0 0 0 0 0 0 0 0 0
1 0.5739583333333333 0.20104166666666667 0.12291666666666666 0.06458333333333334 0.5984519444444444 0.2227709412780656 2 0.5346623148148147 0.17393687392055268 2 0 0 0 0 0 0 0 0 0 0 0 0