5 0.45625 0.38229166666666664 0.5697916666666667 0.646875 0 0 0 0 0 0 0 0 0 0 0 0 0 0 0 0 0 0
4 0.4354166666666667 0.5510416666666667 0.08020833333333334 0.11979166666666667 0.44098916666666665 0.6007432642487046 2 0.4264735185185185 0.4993258635578583 2 0 0 0 0 0 0 0 0 0 0 0 0
10 0.4354166666666667 0.4125 0.08541666666666667 0.146875 0.4469731481481481 0.47634494818652845 2 0.41515453703703703 0.3481141623488773 2 0 0 0 0 0 0 0 0 0 0 0 0
8 0.5895833333333333 0.40729166666666666 0.13645833333333332 0.153125 0.579310462962963 0.33591869602763386 2 0.548895 0.4778957685664939 2 0 0 0 0 0 0 0 0 0 0 0 0
9 0.30625 0.21875 0.1375 0.11354166666666667 0.25702287037037036 0.26233100172711565 2 0.3613180555555555 0.17954727979274612 2 0 0 0 0 0 0 0 0 0 0 0 0
6 0.47604166666666664 0.24895833333333334 0.2 0.153125 0.38277833333333333 0.1749858376511226 2 0.5515247222222222 0.17440397236614852 2 0.5666044444444445 0.31883104490500863 2 0.3850210185185185 0.3226294041450777 2 0 0 0 0 0 0
7 0.6364583333333333 0.22083333333333333 0.16770833333333332 0.090625 0.5703044444444444 0.17945578583765112 2 0.6913388888888888 0.25829257340241796 2 0 0 0 0 0 0 0 0 0 0 0 0
1 0.6822916666666666 0.28958333333333336 0.11354166666666667 0.06354166666666666 0.7141878703703703 0.26283523316062174 2 0.6470280555555555 0.31251006044905005 2 0 0 0 0 0 0 0 0 0 0 0 0
3 0.29791666666666666 0.30416666666666664 0.15104166666666666 0.09479166666666666 0.3328779629629629 0.33929253022452505 2 0.24739944444444442 0.26577374784110536 2 0 0 0 0 0 0 0 0 0 0 0 0
0 0.49583333333333335 0.125 0.19791666666666666 0.103125 0.4947437962962963 0.08103164939550948 2 0.4077162962962963 0.09806886873920552 2 0.4093723148148148 0.1491844559585492 2 0.48887175925925924 0.171760103626943 2 0.5768697222222222 0.1485419689119171 2 0.5669144444444444 0.10417543177892918 2
2 0.5114583333333333 0.58125 0.09166666666666666 0.125 0.49044148148148137 0.633077633851468 2 0.5143303703703703 0.5237918825561313 2 0 0 0 0 0 0 0 0 0 0 0 0