5 0.49270833333333336 0.4395833333333333 0.64375 0.8104166666666667 0 0 0 0 0 0 0 0 0 0 0 0 0 0 0 0 0 0
10 0.41041666666666665 0.5208333333333334 0.13125 0.17604166666666668 0.45569018518518517 0.5930299222797928 2 0.400897037037037 0.43945310880829014 2 0 0 0 0 0 0 0 0 0 0 0 0
2 0.615625 0.715625 0.09583333333333334 0.17708333333333334 0.5974935185185185 0.7875495682210707 2 0.6055634259259259 0.6341447322970638 2 0 0 0 0 0 0 0 0 0 0 0 0
4 0.490625 0.7208333333333333 0.08645833333333333 0.171875 0.5067820370370371 0.7936386442141623 2 0.4719871296296296 0.636123402417962 2 0 0 0 0 0 0 0 0 0 0 0 0
8 0.6385416666666667 0.5041666666666667 0.21875 0.18020833333333333 0.5821759259259259 0.582775043177893 2 0.6027788888888889 0.4292690846286701 2 0 0 0 0 0 0 0 0 0 0 0 0
6 0.48020833333333335 0.271875 0.26666666666666666 0.23958333333333334 0.35017000000000004 0.16482655440414506 2 0.642053611111111 0.16093886010362693 2 0.607675 0.39136714162348873 2 0.3563367592592593 0.38650962867012084 2 0 0 0 0 0 0
3 0.29583333333333334 0.38958333333333334 0.16354166666666667 0.121875 0.27036314814814816 0.43202348877374785 2 0.298679074074074 0.34097050949913643 2 0 0 0 0 0 0 0 0 0 0 0 0
9 0.2833333333333333 0.2677083333333333 0.121875 0.13020833333333334 0.28721787037037033 0.3209922279792746 2 0.3093551851851852 0.21503531951640756 2 0 0 0 0 0 0 0 0 0 0 0 0
7 0.6635416666666667 0.25 0.13333333333333333 0.12083333333333333 0.6301224999999999 0.1980123920552677 2 0.6725079629629629 0.2861041450777202 2 0 0 0 0 0 0 0 0 0 0 0 0
1 0.59375 0.228125 0.23854166666666668 0.08229166666666667 0.6534830555555555 0.2551796632124352 2 0.5339900925925926 0.18840164075993088 2 0 0 0 0 0 0 0 0 0 0 0 0
0 0.475 0.11875 0.3145833333333333 0.14895833333333333 0.5597330555555556 0.054722927461139895 2 0.4235567592592593 0.048330569948186526 2 0.3495188888888888 0.09006640759930915 2 0.3925780555555555 0.16825043177892918 2 0.5335828703703703 0.17262724525043177 2 0.5790653703703703 0.1052123920552677 2