5 0.7864583333333334 0.2875 0.29583333333333334 0.28125 0 0 0 0 0 0 0 0 0 0 0 0 0 0 0 0 0 0
4 0.7510416666666667 0.3770833333333333 0.08229166666666667 0.06145833333333333 0.7799598148148147 0.3972304404145077 2 0.7266405555555555 0.34934831606217615 2 0 0 0 0 0 0 0 0 0 0 0 0
10 0.7385416666666667 0.32708333333333334 0.06458333333333334 0.046875 0.7548701851851851 0.31076256476683933 2 0.718063611111111 0.34629205526770285 2 0 0 0 0 0 0 0 0 0 0 0 0
8 0.8166666666666667 0.32395833333333335 0.059375 0.059375 0.8137513888888889 0.34700103626943 2 0.8273423148148148 0.30096804835924007 2 0 0 0 0 0 0 0 0 0 0 0 0
2 0.8177083333333334 0.36666666666666664 0.058333333333333334 0.051041666666666666 0.8115856481481482 0.38438549222797924 2 0.8209862962962963 0.3429193436960276 2 0 0 0 0 0 0 0 0 0 0 0 0
6 0.7854166666666667 0.25833333333333336 0.13958333333333334 0.08020833333333334 0.7287734259259259 0.22243436960276336 2 0.8420226851851851 0.22051420552677028 2 0.8437217592592592 0.29226532815198614 2 0.7300793518518518 0.29412953367875644 2 0 0 0 0 0 0
9 0.7239583333333334 0.25 0.04583333333333333 0.04895833333333333 0.7357930555555556 0.2318325993091537 2 0.7110428703703703 0.2660821675302245 2 0 0 0 0 0 0 0 0 0 0 0 0
3 0.734375 0.29270833333333335 0.059375 0.04479166666666667 0.7424535185185184 0.30970017271157163 2 0.7289077777777778 0.2731773747841105 2 0 0 0 0 0 0 0 0 0 0 0 0
7 0.8572916666666667 0.24791666666666667 0.059375 0.036458333333333336 0.8463237962962963 0.2655303972366148 2 0.8342101851851851 0.23049058721934365 2 0 0 0 0 0 0 0 0 0 0 0 0
1 0.8479166666666667 0.28125 0.04375 0.029166666666666667 0.8291053703703704 0.2901568221070811 2 0.8441229629629629 0.2695905440414508 2 0 0 0 0 0 0 0 0 0 0 0 0
0 0.78125 0.20104166666666667 0.07604166666666666 0.03958333333333333 0.7983777777777779 0.19007240932642486 2 0.7725324074074074 0.18841014680483592 2 0.748226111111111 0.19736778929188253 2 0.748079537037037 0.2116757340241796 2 0.7798549074074074 0.21853920552677025 2 0.8144153703703704 0.20422815198618308 2