5 0.27708333333333335 0.44166666666666665 0.4895833333333333 0.5333333333333333 0 0 0 0 0 0 0 0 0 0 0 0 0 0 0 0 0 0
5 0.25416666666666665 0.46041666666666664 0.453125 0.5197916666666667 0 0 0 0 0 0 0 0 0 0 0 0 0 0 0 0 0 0
4 0.14479166666666668 0.5770833333333333 0.05520833333333333 0.10104166666666667 0.25578703703703703 0.616549956822107 2 0.22390407407407406 0.5148120466321243 2 0 0 0 0 0 0 0 0 0 0 0 0
10 0.24166666666666667 0.4864583333333333 0.07083333333333333 0.07291666666666667 0.22673043797766018 0.5012830919997533 2 0.2020761111111111 0.413099438687392 2 0 0 0 0 0 0 0 0 0 0 0 0
2 0.3333333333333333 0.5875 0.13958333333333334 0.11770833333333333 0.3427914814814815 0.6290310449050086 2 0.40700953703703696 0.5246282815198617 2 0 0 0 0 0 0 0 0 0 0 0 0
8 0.36354166666666665 0.4625 0.215625 0.1 0.39295787037037033 0.5159674006908462 2 0.3095341666666666 0.4291477979274611 2 0 0 0 0 0 0 0 0 0 0 0 0
3 0.12291666666666666 0.3958333333333333 0.15208333333333332 0.04895833333333333 0.07080074074074073 0.3860457685664939 2 0.19873046296296293 0.3988979706390328 2 0 0 0 0 0 0 0 0 0 0 0 0
6 0.27395833333333336 0.371875 0.19583333333333333 0.10520833333333333 0.20046657407407406 0.31836105354058725 2 0.36765768518518516 0.3155275043177893 2 0.3419596296296296 0.4256226683937824 2 0.18252675925925924 0.41436437823834193 2 0 0 0 0 0 0
9 0.11666666666666667 0.37395833333333334 0.11770833333333333 0.09270833333333334 0.2009910185185185 0.32955189982728844 2 0.06967953703703704 0.37690423143350604 2 0 0 0 0 0 0 0 0 0 0 0 0
0 0.278125 0.27395833333333336 0.2552083333333333 0.09791666666666667 0.2776736111111111 0.2297158031088083 2 0.24532813614540466 0.2354284504048213 2 0.1962348148148148 0.2537797495682211 2 0.2026548148148148 0.2989141191709844 2 0.3368598148148148 0.2961986614853195 2 0.32450805555555556 0.2567566493955095 2
1 0.37083333333333335 0.44479166666666664 0.16041666666666668 0.125 0.41631416666666665 0.43114853417907173 2 0.40805842592592595 0.39544032815198615 2 0 0 0 0 0 0 0 0 0 0 0 0
7 0.40520833333333334 0.36354166666666665 0.171875 0.11354166666666667 0.39429620370370366 0.31906943005181343 2 0.4086010185185185 0.40561075129533675 2 0 0 0 0 0 0 0 0 0 0 0 0