5 0.45729166666666665 0.39375 0.5916666666666667 0.503125 0 0 0 0 0 0 0 0 0 0 0 0 0 0 0 0 0 0
10 0.37083333333333335 0.4114583333333333 0.08541666666666667 0.13020833333333334 0.34308083333333333 0.461396243523316 2 0.3511285185185185 0.34404011226252157 2 0 0 0 0 0 0 0 0 0 0 0 0
8 0.4895833333333333 0.4197916666666667 0.1125 0.15833333333333333 0.44439018518518514 0.3666747841105354 2 0.5261321296296296 0.4808263385146805 2 0 0 0 0 0 0 0 0 0 0 0 0
4 0.34479166666666666 0.5229166666666667 0.115625 0.15208333333333332 0.32911962962962965 0.5792415371329879 2 0.3397353703703703 0.4559821675302244 2 0 0 0 0 0 0 0 0 0 0 0 0
2 0.5427083333333333 0.528125 0.125 0.16770833333333332 0.5746346296296296 0.5921021588946459 2 0.5302011111111111 0.45580505181347153 2 0 0 0 0 0 0 0 0 0 0 0 0
9 0.3260416666666667 0.26145833333333335 0.165625 0.090625 0.26309314814814816 0.3050534974093264 2 0.36794703703703696 0.2339364853195164 2 0 0 0 0 0 0 0 0 0 0 0 0
6 0.4270833333333333 0.2875 0.209375 0.134375 0.3546187962962962 0.23230043177892915 2 0.5110134259259259 0.2342231865284974 2 0.47614657407407407 0.34355099309153714 2 0.3621057407407407 0.34500993091537135 2 0 0 0 0 0 0
7 0.5791666666666667 0.26666666666666666 0.14791666666666667 0.1125 0.6030273148148148 0.31644671848013817 2 0.532009537037037 0.22648151986183074 2 0 0 0 0 0 0 0 0 0 0 0 0
1 0.5541666666666667 0.33541666666666664 0.16041666666666668 0.06354166666666666 0.4876663888888889 0.3490325561312608 2 0.587673611111111 0.31287107081174437 2 0 0 0 0 0 0 0 0 0 0 0 0
3 0.29791666666666666 0.315625 0.14583333333333334 0.07291666666666667 0.25186277777777777 0.29123998272884283 2 0.3373119444444444 0.3327059153713299 2 0 0 0 0 0 0 0 0 0 0 0 0
0 0.44479166666666664 0.1875 0.24479166666666666 0.10104166666666667 0.4330874074074074 0.14773246977547494 2 0.3704065740740741 0.17590772884283246 2 0.37536166666666665 0.20726230569948184 2 0.4192888888888888 0.22905367012089808 2 0.5088794444444444 0.21737370466321243 2 0.5171622222222222 0.1724417098445596 2