5 0.7333333333333333 0.2552083333333333 0.31875 0.4239583333333333 0 0 0 0 0 0 0 0 0 0 0 0 0 0 0 0 0 0
10 0.68125 0.271875 0.04791666666666667 0.08229166666666667 0.6830199074074075 0.30973052677029356 2 0.6832742592592591 0.2334168393782383 2 0 0 0 0 0 0 0 0 0 0 0 0
4 0.7 0.36354166666666665 0.13125 0.103125 0.7291177777777776 0.4006996977547495 2 0.6622988888888889 0.32379598445595853 2 0 0 0 0 0 0 0 0 0 0 0 0
8 0.6916666666666667 0.2791666666666667 0.23020833333333332 0.096875 0.6294114814814815 0.31603359240069084 2 0.777091574074074 0.2406980138169257 2 0 0 0 0 0 0 0 0 0 0 0 0
2 0.7375 0.378125 0.04375 0.096875 0.7238241666666666 0.41569097582037995 2 0.7438125 0.33660582901554403 2 0 0 0 0 0 0 0 0 0 0 0 0
3 0.715625 0.12916666666666668 0.11145833333333334 0.03333333333333333 0.6698097222222222 0.14102301381692575 2 0.7378289814814815 0.1209979274611399 2 0 0 0 0 0 0 0 0 0 0 0 0
9 0.6552083333333333 0.13541666666666666 0.075 0.030208333333333334 0.6392578703703703 0.14627832469775473 2 0.6741987037037036 0.13016817789291882 2 0 0 0 0 0 0 0 0 0 0 0 0
6 0.7677083333333333 0.16354166666666667 0.14895833333333333 0.07916666666666666 0.7386392592592592 0.12054240069084628 2 0.8291912037037038 0.1236208981001727 2 0.8182996296296297 0.20426964594127808 2 0.6658764814814815 0.20391714162348876 2 0 0 0 0 0 0
0 0.7614583333333333 0.0875 0.12604166666666666 0.057291666666666664 0.7888681481481482 0.07050358376511226 2 0.7451054218106995 0.06575091498866865 2 0.7188794444444445 0.07846848013816925 2 0.7379389814814814 0.11137949050086356 2 0.7885418518518518 0.11893536269430051 2 0.8084061111111112 0.0922075993091537 2
7 0.8229166666666666 0.146875 0.12291666666666666 0.034375 0.778782037037037 0.1519752590673575 2 0.8560556481481482 0.12701796200345425 2 0 0 0 0 0 0 0 0 0 0 0 0
1 0.7822916666666667 0.12604166666666666 0.06666666666666667 0.051041666666666666 0.7664622222222222 0.14278674438687392 2 0.7838066666666667 0.11217987910189982 2 0 0 0 0 0 0 0 0 0 0 0 0