5 0.7395833333333334 0.27708333333333335 0.4427083333333333 0.39479166666666665 0 0 0 0 0 0 0 0 0 0 0 0 0 0 0 0 0 0
5 0.703125 0.28854166666666664 0.4239583333333333 0.3885416666666667 0 0 0 0 0 0 0 0 0 0 0 0 0 0 0 0 0 0
2 0.6291666666666667 0.36770833333333336 0.15520833333333334 0.15520833333333334 0.5953312962962962 0.42465056131260787 2 0.6786652777777777 0.3035892918825561 2 0 0 0 0 0 0 0 0 0 0 0 0
4 0.7302083333333333 0.3614583333333333 0.15520833333333334 0.0875 0.7624411111111111 0.3955037996545768 2 0.6950391666666665 0.3264192573402418 2 0 0 0 0 0 0 0 0 0 0 0 0
3 0.6625 0.26979166666666665 0.075 0.04895833333333333 0.6884113888888889 0.24926360103626938 2 0.6181562962962963 0.2894427029360967 2 0 0 0 0 0 0 0 0 0 0 0 0
10 0.6729166666666667 0.2916666666666667 0.15520833333333334 0.03333333333333333 0.6301621296296296 0.29775522452504316 2 0.7302992592592593 0.27570233160621765 2 0 0 0 0 0 0 0 0 0 0 0 0
8 0.7635416666666667 0.296875 0.190625 0.035416666666666666 0.8334031481481481 0.2790873920552677 2 0.6905449074074074 0.30245898100172713 2 0 0 0 0 0 0 0 0 0 0 0 0
9 0.7020833333333333 0.215625 0.059375 0.0625 0.7060855555555555 0.1857481865284974 2 0.6870731481481481 0.2499876943005181 2 0 0 0 0 0 0 0 0 0 0 0 0
6 0.76875 0.22708333333333333 0.14375 0.0875 0.7083453703703704 0.18659594127806564 2 0.806500462962963 0.1808796200345423 2 0.8421771296296295 0.26855544041450774 2 0.7226236111111111 0.2669011658031088 2 0 0 0 0 0 0
0 0.7770833333333333 0.14166666666666666 0.13958333333333334 0.06041666666666667 0.7769825352733686 0.11478686852331607 2 0.7593131172839505 0.11833140092272756 2 0.726107962962963 0.12621247841105354 2 0.7426712037037037 0.15694874784110532 2 0.7977769444444445 0.1690525474956822 2 0.8072326851851852 0.13068661485319516 2
1 0.91875 0.275 0.15 0.06875 0.9557467592592592 0.29581247841105357 2 0.8619597222222222 0.23930267702936095 2 0 0 0 0 0 0 0 0 0 0 0 0
7 0.853125 0.21354166666666666 0.06770833333333333 0.053125 0.8688905555555555 0.23725988773747841 2 0.8252856481481481 0.18457668393782384 2 0 0 0 0 0 0 0 0 0 0 0 0