5 0.553125 0.38333333333333336 0.5145833333333333 0.6760416666666667 0 0 0 0 0 0 0 0 0 0 0 0 0 0 0 0 0 0
10 0.5229166666666667 0.434375 0.14479166666666668 0.12291666666666666 0.493706574074074 0.48683916234887736 2 0.5335106481481482 0.37095880829015543 2 0 0 0 0 0 0 0 0 0 0 0 0
8 0.65625 0.42916666666666664 0.1125 0.15833333333333333 0.6406612037037037 0.3754031088082901 2 0.6391239814814814 0.4922870466321243 2 0 0 0 0 0 0 0 0 0 0 0 0
4 0.45208333333333334 0.5802083333333333 0.14479166666666668 0.153125 0.4280418518518518 0.6336861830742659 2 0.4620949999999999 0.5131843696027634 2 0 0 0 0 0 0 0 0 0 0 0 0
2 0.6604166666666667 0.5875 0.13854166666666667 0.14166666666666666 0.6390697222222221 0.6335344127806563 2 0.6808449999999999 0.5285075129533678 2 0 0 0 0 0 0 0 0 0 0 0 0
9 0.4479166666666667 0.24895833333333334 0.10208333333333333 0.13229166666666667 0.4437752777777778 0.29664563903281516 2 0.45706740740740737 0.20034710708117442 2 0 0 0 0 0 0 0 0 0 0 0 0
6 0.5770833333333333 0.26979166666666665 0.209375 0.17083333333333334 0.4696723148148148 0.19516075129533678 2 0.6963613888888888 0.1896876079447323 2 0.6691442592592591 0.3447400690846286 2 0.4976851851851852 0.3471266839378238 2 0 0 0 0 0 0
7 0.7270833333333333 0.246875 0.10520833333333333 0.12083333333333333 0.7085323148148147 0.288988298791019 2 0.7015155555555556 0.2023879101899827 2 0 0 0 0 0 0 0 0 0 0 0 0
1 0.7447916666666666 0.35625 0.09166666666666666 0.1125 0.7419524074074073 0.40179050086355783 2 0.7283528703703703 0.3103747841105354 2 0 0 0 0 0 0 0 0 0 0 0 0
3 0.44895833333333335 0.3333333333333333 0.10729166666666666 0.08333333333333333 0.4401946296296296 0.30320664939550945 2 0.43536601851851847 0.36306537132987915 2 0 0 0 0 0 0 0 0 0 0 0 0
0 0.56875 0.11875 0.24479166666666666 0.10104166666666667 0.5622287037037037 0.0726940414507772 2 0.4673393518518518 0.10940367012089808 2 0.47782842592592595 0.1481878670120898 2 0.5573278703703703 0.17076351468048356 2 0.6608073148148148 0.15027931778929188 2 0.6623082407407407 0.09731891191709845 2