5 0.48333333333333334 0.38125 0.5322916666666667 0.6802083333333333 0 0 0 0 0 0 0 0 0 0 0 0 0 0 0 0 0 0
2 0.5166666666666667 0.5645833333333333 0.14166666666666666 0.16041666666666668 0.4916087962962962 0.6256661917098445 2 0.5107796296296296 0.4970227979274611 2 0 0 0 0 0 0 0 0 0 0 0 0
10 0.43020833333333336 0.40520833333333334 0.096875 0.14791666666666667 0.4312608333333333 0.465739335060449 2 0.4369756481481481 0.3427582469775475 2 0 0 0 0 0 0 0 0 0 0 0 0
8 0.5302083333333333 0.39791666666666664 0.09583333333333334 0.15 0.5207248148148148 0.4622395941278066 2 0.5240162037037037 0.34293536269430047 2 0 0 0 0 0 0 0 0 0 0 0 0
6 0.49270833333333336 0.22604166666666667 0.3333333333333333 0.1625 0.3891059259259259 0.16747452504317786 2 0.6271339814814815 0.1548669689119171 2 0.5920319444444444 0.29050626079447317 2 0.37745944444444446 0.30376321243523313 2 0 0 0 0 0 0
3 0.34270833333333334 0.31354166666666666 0.09895833333333333 0.11145833333333334 0.31546583333333333 0.3458616580310881 2 0.3368055555555555 0.27615297927461135 2 0 0 0 0 0 0 0 0 0 0 0 0
7 0.65 0.23020833333333332 0.14166666666666666 0.125 0.6605722222222222 0.27396036269430046 2 0.6221330555555554 0.17690310880829016 2 0 0 0 0 0 0 0 0 0 0 0 0
1 0.671875 0.32708333333333334 0.065625 0.11145833333333334 0.6542606481481481 0.286382426597582 2 0.6732675 0.3603077288428324 2 0 0 0 0 0 0 0 0 0 0 0 0
0 0.48854166666666665 0.11041666666666666 0.209375 0.08125 0.48809843768371536 0.07384114159264743 2 0.42259842592592584 0.09581778929188255 2 0.4154912037037037 0.14220034542314333 2 0.5058955555555555 0.14667832469775471 2 0.5514685185185185 0.12304011226252157 2 0.545916574074074 0.09580094991364421 2
9 0.35625 0.215625 0.10729166666666666 0.10625 0.3688760185185185 0.1697458981001727 2 0.36494499999999996 0.26039136442141625 2 0 0 0 0 0 0 0 0 0 0 0 0
4 0.4583333333333333 0.5572916666666666 0.11145833333333334 0.15 0.44578268518518516 0.6223435664939551 2 0.44694009259259254 0.4910472797927461 2 0 0 0 0 0 0 0 0 0 0 0 0