5 0.496875 0.396875 0.55 0.621875 0 0 0 0 0 0 0 0 0 0 0 0 0 0 0 0 0 0
2 0.521875 0.5510416666666667 0.065625 0.121875 0.5141962962962963 0.5999618739205527 2 0.5323455555555555 0.493398920552677 2 0 0 0 0 0 0 0 0 0 0 0 0
10 0.4552083333333333 0.4375 0.0625 0.125 0.45273851851851854 0.4871731001727115 2 0.4499209259259259 0.38404468911917095 2 0 0 0 0 0 0 0 0 0 0 0 0
8 0.553125 0.4270833333333333 0.07291666666666667 0.11458333333333333 0.5457939814814814 0.47664391191709843 2 0.5555385185185185 0.37546653713298794 2 0 0 0 0 0 0 0 0 0 0 0 0
6 0.48333333333333334 0.246875 0.215625 0.11979166666666667 0.39094824074074075 0.19563139032815197 2 0.5812512962962962 0.19282314335060446 2 0.5501487962962963 0.2952491796200345 2 0.3844957407407407 0.30753298791018996 2 0 0 0 0 0 0
3 0.3385416666666667 0.31979166666666664 0.08125 0.06979166666666667 0.33269027777777777 0.35165103626943 2 0.34672694444444446 0.29030272020725384 2 0 0 0 0 0 0 0 0 0 0 0 0
7 0.61875 0.25 0.07395833333333333 0.09479166666666666 0.6073347222222222 0.20859762521588945 2 0.6237521296296296 0.2794250431778929 2 0 0 0 0 0 0 0 0 0 0 0 0
1 0.6291666666666667 0.3385416666666667 0.075 0.075 0.6296115740740741 0.36694460276338514 2 0.6422478703703703 0.30831787564766844 2 0 0 0 0 0 0 0 0 0 0 0 0
0 0.48541666666666666 0.1375 0.16666666666666666 0.07395833333333333 0.49689648148148147 0.10669356649395509 2 0.4491473148148148 0.1281731865284974 2 0.4645111111111111 0.1595965457685665 2 0.5056885185185185 0.15848298791018997 2 0.5309001851851851 0.13766601899827288 2 0.5292226851851852 0.11999641623488773 2
9 0.3489583333333333 0.234375 0.08645833333333333 0.08020833333333334 0.37551148148148145 0.2003213730569948 2 0.3514279629629629 0.2711240500863558 2 0 0 0 0 0 0 0 0 0 0 0 0
4 0.45 0.5541666666666667 0.06145833333333333 0.11875 0.4540373148148148 0.6057514248704663 2 0.44843657407407406 0.5032539291882556 2 0 0 0 0 0 0 0 0 0 0 0 0