5 0.428125 0.3802083333333333 0.5697916666666667 0.66875 0 0 0 0 0 0 0 0 0 0 0 0 0 0 0 0 0 0
2 0.5395833333333333 0.5583333333333333 0.14166666666666666 0.165625 0.5149559259259259 0.6223772020725388 2 0.5289533333333333 0.4776891623488773 2 0 0 0 0 0 0 0 0 0 0 0 0
10 0.3572916666666667 0.4041666666666667 0.14479166666666668 0.15 0.3306568518518518 0.46963549222797923 2 0.39306648148148143 0.3415354490500863 2 0 0 0 0 0 0 0 0 0 0 0 0
8 0.5614583333333333 0.3958333333333333 0.09375 0.13958333333333334 0.5512152777777778 0.45123428324697756 2 0.5555012962962963 0.3461737046632124 2 0 0 0 0 0 0 0 0 0 0 0 0
6 0.4708333333333333 0.22604166666666667 0.20833333333333334 0.13541666666666666 0.37764037037037035 0.16705289291882555 2 0.567943425925926 0.16424464594127805 2 0.5176686111111111 0.2826296632124352 2 0.3703523148148148 0.2841223661485319 2 0 0 0 0 0 0
3 0.36666666666666664 0.30416666666666664 0.22291666666666668 0.06875 0.4067021296296296 0.3238932210708117 2 0.2876338888888889 0.28127189119170987 2 0 0 0 0 0 0 0 0 0 0 0 0
7 0.590625 0.21666666666666667 0.084375 0.10416666666666667 0.5940031481481481 0.2528774179620034 2 0.5886767592592592 0.174288816925734 2 0 0 0 0 0 0 0 0 0 0 0 0
1 0.565625 0.28958333333333336 0.15208333333333332 0.029166666666666667 0.5988860185185185 0.2830597582037997 2 0.5196397222222222 0.2887690414507772 2 0 0 0 0 0 0 0 0 0 0 0 0
0 0.5 0.11041666666666666 0.209375 0.08125 0.4997629747207525 0.07402667699851961 2 0.43426296296296296 0.09600332469775474 2 0.4271557407407407 0.14238588082901552 2 0.5175600925925925 0.146863816925734 2 0.5631330555555556 0.12322564766839378 2 0.557581111111111 0.09598648531951641 2
9 0.31666666666666665 0.21458333333333332 0.12083333333333333 0.10208333333333333 0.3362335185185185 0.17128074265975818 2 0.28007453703703705 0.25997815198618307 2 0 0 0 0 0 0 0 0 0 0 0 0
4 0.30520833333333336 0.5489583333333333 0.115625 0.15208333333333332 0.27694583333333334 0.6188100604490501 2 0.348252962962963 0.4823863989637305 2 0 0 0 0 0 0 0 0 0 0 0 0