5 0.4666666666666667 0.49583333333333335 0.609375 0.6927083333333334 0 0 0 0 0 0 0 0 0 0 0 0 0 0 0 0 0 0
2 0.5322916666666667 0.74375 0.090625 0.16041666666666668 0.5200919444444444 0.809922797927461 2 0.5255707407407407 0.6720447754749568 2 0 0 0 0 0 0 0 0 0 0 0 0
8 0.540625 0.5708333333333333 0.13020833333333334 0.16979166666666667 0.5153356481481481 0.6444131692573403 2 0.5189344444444444 0.5074751727115717 2 0 0 0 0 0 0 0 0 0 0 0 0
7 0.65625 0.3927083333333333 0.15625 0.12708333333333333 0.6118706481481481 0.3494794905008635 2 0.6417281481481482 0.4467899827288428 2 0 0 0 0 0 0 0 0 0 0 0 0
4 0.4864583333333333 0.734375 0.153125 0.13541666666666666 0.44469759259259256 0.7926010794473229 2 0.4520941666666667 0.6763917962003454 2 0 0 0 0 0 0 0 0 0 0 0 0
10 0.396875 0.5885416666666666 0.11354166666666667 0.18125 0.42549194444444444 0.6508139896373056 2 0.39619499999999996 0.5125688255613127 2 0 0 0 0 0 0 0 0 0 0 0 0
6 0.46145833333333336 0.4125 0.365625 0.225 0.34957333333333335 0.31748402417962 2 0.6232458333333333 0.30323195164075994 2 0.5924117592592592 0.5129567789291882 2 0.3490307407407407 0.5075257772020725 2 0 0 0 0 0 0
3 0.2864583333333333 0.43854166666666666 0.17291666666666666 0.08854166666666667 0.3262621296296296 0.4124626079447323 2 0.2674335185185185 0.46944153713298786 2 0 0 0 0 0 0 0 0 0 0 0 0
9 0.36875 0.36041666666666666 0.14583333333333334 0.11875 0.334762037037037 0.4004328151986183 2 0.3936947222222222 0.3130866580310881 2 0 0 0 0 0 0 0 0 0 0 0 0
1 0.621875 0.5208333333333334 0.08229166666666667 0.096875 0.6326316666666667 0.48297672711571676 2 0.6134439814814814 0.5430969343696027 2 0 0 0 0 0 0 0 0 0 0 0 0
0 0.5208333333333334 0.24270833333333333 0.34375 0.12604166666666666 0.622884074074074 0.1998917098445596 2 0.4976850925925926 0.18484693436960276 2 0.39158342592592593 0.21318242659758202 2 0.37226916666666665 0.26503803972366147 2 0.5087347222222222 0.29592879965457686 2 0.6154875 0.26229727979274614 2