5 0.48854166666666665 0.36875 0.6895833333333333 0.7072916666666667 0 0 0 0 0 0 0 0 0 0 0 0 0 0 0 0 0 0
10 0.378125 0.425 0.140625 0.16354166666666667 0.3909686111111111 0.4845621761658031 2 0.37454777777777776 0.3496734455958549 2 0 0 0 0 0 0 0 0 0 0 0 0
4 0.453125 0.5739583333333333 0.10208333333333333 0.16458333333333333 0.4637767592592592 0.638029274611399 2 0.4082112037037037 0.5037984455958548 2 0 0 0 0 0 0 0 0 0 0 0 0
2 0.6125 0.5989583333333334 0.07604166666666666 0.18854166666666666 0.6135343518518519 0.678457944732297 2 0.6018749074074073 0.5122548791018998 2 0 0 0 0 0 0 0 0 0 0 0 0
8 0.5791666666666667 0.41770833333333335 0.1375 0.18541666666666667 0.6141312037037037 0.48408993955094987 2 0.5542173148148148 0.3411306563039723 2 0 0 0 0 0 0 0 0 0 0 0 0
9 0.3489583333333333 0.209375 0.0875 0.1125 0.3384512037037037 0.2560988773747841 2 0.37559657407407404 0.15868916234887734 2 0 0 0 0 0 0 0 0 0 0 0 0
6 0.49270833333333336 0.2635416666666667 0.21875 0.19895833333333332 0.39778648148148144 0.16916122625215887 2 0.5914894444444444 0.16686740069084627 2 0.5847982407407407 0.34980841968911913 2 0.3850912037037037 0.35286964594127807 2 0 0 0 0 0 0
0 0.4739583333333333 0.08333333333333333 0.278125 0.12291666666666666 0.5374348148148148 0.03906252158894646 2 0.43767620713305894 0.03618605653905201 2 0.3884005555555555 0.06907620898100172 2 0.41201898148148147 0.1279145077720207 2 0.5163664814814815 0.13689585492227976 2 0.5637838888888889 0.08591731433506045 2
3 0.30625 0.3125 0.08229166666666667 0.09479166666666666 0.28450518518518514 0.3506685664939551 2 0.3415979629629629 0.27955159758203796 2 0 0 0 0 0 0 0 0 0 0 0 0
1 0.6552083333333333 0.309375 0.08229166666666667 0.09791666666666667 0.659667962962963 0.2617069516407599 2 0.6279297222222221 0.3458195164075993 2 0 0 0 0 0 0 0 0 0 0 0 0
7 0.6302083333333334 0.19375 0.11666666666666667 0.13333333333333333 0.6109483333333333 0.1384475388601036 2 0.6511139814814814 0.24806204663212436 2 0 0 0 0 0 0 0 0 0 0 0 0