5 0.5354166666666667 0.465625 0.7833333333333333 0.7375 0 0 0 0 0 0 0 0 0 0 0 0 0 0 0 0 0 0
10 0.3625 0.5739583333333333 0.10833333333333334 0.15416666666666667 0.3970783333333333 0.6355921848013817 2 0.34557657407407405 0.5018670984455958 2 0 0 0 0 0 0 0 0 0 0 0 0
2 0.6770833333333334 0.7645833333333333 0.17291666666666666 0.17916666666666667 0.6991463888888888 0.8431411053540587 2 0.6284583333333332 0.6818934369602764 2 0 0 0 0 0 0 0 0 0 0 0 0
4 0.42291666666666666 0.7447916666666666 0.08645833333333333 0.13333333333333333 0.4390737037037037 0.7989683937823834 2 0.4085218518518518 0.6930889896373056 2 0 0 0 0 0 0 0 0 0 0 0 0
8 0.5791666666666667 0.5791666666666667 0.21875 0.18020833333333333 0.5914894444444444 0.6535041450777201 2 0.543190462962963 0.5043918825561312 2 0 0 0 0 0 0 0 0 0 0 0 0
6 0.46145833333333336 0.3958333333333333 0.26666666666666666 0.23958333333333334 0.33168768518518515 0.2894858376511226 2 0.6235712962962963 0.28559814335060446 2 0.5891926851851852 0.5160264248704662 2 0.3378544444444444 0.5111689119170983 2 0 0 0 0 0 0
3 0.26979166666666665 0.46979166666666666 0.16354166666666667 0.121875 0.24471935185185184 0.5126025474956822 2 0.2730352777777778 0.4215495682210708 2 0 0 0 0 0 0 0 0 0 0 0 0
9 0.29375 0.34791666666666665 0.08958333333333333 0.09583333333333334 0.2711588888888889 0.3767524179620034 2 0.30510537037037033 0.3119915803108808 2 0 0 0 0 0 0 0 0 0 0 0 0
7 0.6802083333333333 0.3645833333333333 0.16458333333333333 0.12083333333333333 0.6657127777777777 0.3127121329879102 2 0.6708803703703704 0.42017487046632124 2 0 0 0 0 0 0 0 0 0 0 0 0
1 0.7041666666666667 0.4791666666666667 0.121875 0.13229166666666667 0.6922019444444444 0.5417223229706389 2 0.7026641666666666 0.4147566493955095 2 0 0 0 0 0 0 0 0 0 0 0 0
0 0.47708333333333336 0.20520833333333333 0.3145833333333333 0.14895833333333333 0.5614330555555556 0.14053898963730568 2 0.42525675925925926 0.13414663212435232 2 0.35121888888888886 0.17588246977547495 2 0.3942780555555555 0.254066493955095 2 0.5352828703703704 0.25844330742659755 2 0.5807653703703703 0.1910284542314335 2