5 0.5166666666666667 0.38333333333333336 0.64375 0.7114583333333333 0 0 0 0 0 0 0 0 0 0 0 0 0 0 0 0 0 0
10 0.446875 0.4479166666666667 0.096875 0.1625 0.43482351851851847 0.5170721502590673 2 0.4215133333333333 0.37273821243523314 2 0 0 0 0 0 0 0 0 0 0 0 0
8 0.6135416666666667 0.44479166666666664 0.12395833333333334 0.17604166666666668 0.5740016666666665 0.38327970639032816 2 0.6171875 0.5198129101899827 2 0 0 0 0 0 0 0 0 0 0 0 0
4 0.4479166666666667 0.5979166666666667 0.10833333333333334 0.18125 0.4536856481481481 0.6625023747841104 2 0.44005 0.5159420984455959 2 0 0 0 0 0 0 0 0 0 0 0 0
2 0.6302083333333334 0.6072916666666667 0.06875 0.165625 0.6514575925925926 0.6705391623488773 2 0.6232637962962962 0.5355492227979275 2 0 0 0 0 0 0 0 0 0 0 0 0
9 0.3572916666666667 0.21875 0.12708333333333333 0.115625 0.35499851851851844 0.254530310880829 2 0.3635525 0.17507284110535404 2 0 0 0 0 0 0 0 0 0 0 0 0
6 0.484375 0.23958333333333334 0.2552083333333333 0.17708333333333334 0.3584346296296296 0.1502371329879102 2 0.6170609259259259 0.15210090673575127 2 0.6065537962962962 0.3198537564766839 2 0.36223231481481477 0.3150974093264248 2 0 0 0 0 0 0
7 0.6427083333333333 0.20833333333333334 0.10625 0.1375 0.6357602777777777 0.26004559585492226 2 0.6054868518518518 0.15119848877374784 2 0 0 0 0 0 0 0 0 0 0 0 0
1 0.6458333333333334 0.32708333333333334 0.12291666666666666 0.10625 0.6264105555555556 0.36530017271157167 2 0.6315827777777778 0.28332966321243525 2 0 0 0 0 0 0 0 0 0 0 0 0
3 0.34791666666666665 0.325 0.10625 0.11666666666666667 0.3446542592592593 0.2791973661485319 2 0.3233868518518518 0.3696938255613126 2 0 0 0 0 0 0 0 0 0 0 0 0
0 0.48854166666666665 0.10416666666666667 0.31875 0.14270833333333333 0.4840675925925926 0.03170876511226252 2 0.373734074074074 0.0625236183074266 2 0.3952003703703703 0.12962642487046633 2 0.45903851851851846 0.15351761658031088 2 0.5951425 0.13677776338514683 2 0.586895925925926 0.04915703799654577 2