5 0.415625 0.46979166666666666 0.628125 0.6791666666666667 0 0 0 0 0 0 0 0 0 0 0 0 0 0 0 0 0 0
2 0.521875 0.671875 0.090625 0.16041666666666668 0.5093497222222222 0.7383756908462866 2 0.5148285185185185 0.6004976683937824 2 0 0 0 0 0 0 0 0 0 0 0 0
8 0.559375 0.525 0.13020833333333334 0.16979166666666667 0.5337818518518519 0.5991522884283247 2 0.537380648148148 0.4622142918825561 2 0 0 0 0 0 0 0 0 0 0 0 0
7 0.61875 0.3489583333333333 0.15625 0.12708333333333333 0.573983611111111 0.3063522020725388 2 0.603841111111111 0.4036626943005181 2 0 0 0 0 0 0 0 0 0 0 0 0
4 0.3645833333333333 0.6833333333333333 0.153125 0.13541666666666666 0.4004629629629629 0.7259536269430051 2 0.3305663888888889 0.6257927029360968 2 0 0 0 0 0 0 0 0 0 0 0 0
10 0.35833333333333334 0.5447916666666667 0.178125 0.17708333333333334 0.32651546296296297 0.6068686528497409 2 0.39033564814814814 0.47029326424870466 2 0 0 0 0 0 0 0 0 0 0 0 0
6 0.4375 0.38229166666666664 0.365625 0.225 0.3260453703703704 0.28673665803108805 2 0.5997178703703703 0.2724845854922279 2 0.5688837962962963 0.48220941278065627 2 0.32550277777777775 0.47677841105354063 2 0 0 0 0 0 0
3 0.22916666666666666 0.4239583333333333 0.17291666666666666 0.08854166666666667 0.2686991666666667 0.39829486183074264 2 0.20987055555555553 0.45527379101899823 2 0 0 0 0 0 0 0 0 0 0 0 0
9 0.29791666666666666 0.334375 0.14583333333333334 0.11875 0.2641239814814815 0.37445017271157166 2 0.32305666666666666 0.28710401554404147 2 0 0 0 0 0 0 0 0 0 0 0 0
1 0.6302083333333334 0.459375 0.15416666666666667 0.07708333333333334 0.6058485185185185 0.43228488773747836 2 0.6596317592592592 0.48288402417962006 2 0 0 0 0 0 0 0 0 0 0 0 0
0 0.49583333333333335 0.22708333333333333 0.34375 0.12604166666666666 0.597204074074074 0.1844589810017271 2 0.47200509259259255 0.16941420552677028 2 0.3659034259259259 0.19774969775474954 2 0.34658916666666667 0.24960531088082902 2 0.48305472222222223 0.2804960708117444 2 0.5898074999999999 0.24686455094991364 2