5 0.48854166666666665 0.3854166666666667 0.5708333333333333 0.6791666666666667 0 0 0 0 0 0 0 0 0 0 0 0 0 0 0 0 0 0
10 0.4114583333333333 0.4270833333333333 0.14479166666666668 0.12291666666666666 0.38170935185185184 0.47956131260794466 2 0.4215134259259259 0.3636809585492228 2 0 0 0 0 0 0 0 0 0 0 0 0
8 0.5645833333333333 0.428125 0.1125 0.15833333333333333 0.5482313888888888 0.374121243523316 2 0.5466941666666667 0.49100518134715015 2 0 0 0 0 0 0 0 0 0 0 0 0
4 0.39375 0.5708333333333333 0.14479166666666668 0.153125 0.39451314814814814 0.629284067357513 2 0.4042246296296296 0.5036970207253886 2 0 0 0 0 0 0 0 0 0 0 0 0
2 0.5322916666666667 0.5885416666666666 0.13854166666666667 0.14166666666666666 0.5105612962962963 0.6347066062176164 2 0.5523365740740741 0.5296797063903281 2 0 0 0 0 0 0 0 0 0 0 0 0
9 0.33541666666666664 0.24270833333333333 0.10208333333333333 0.13229166666666667 0.33223009259259256 0.2902448618307426 2 0.3455222222222222 0.1939463298791019 2 0 0 0 0 0 0 0 0 0 0 0 0
6 0.45729166666666665 0.2625 0.209375 0.17083333333333334 0.3504412962962963 0.1871323402417962 2 0.5771303703703704 0.18165919689119167 2 0.5499132407407408 0.3367116580310881 2 0.37845416666666665 0.3390982728842832 2 0 0 0 0 0 0
7 0.6302083333333334 0.234375 0.10520833333333333 0.12083333333333333 0.6113643518518519 0.2763891191709844 2 0.6043475925925925 0.1897887305699482 2 0 0 0 0 0 0 0 0 0 0 0 0
1 0.6291666666666667 0.32708333333333334 0.09166666666666666 0.1125 0.626645648148148 0.3722575129533679 2 0.613046111111111 0.28084179620034544 2 0 0 0 0 0 0 0 0 0 0 0 0
3 0.3072916666666667 0.35104166666666664 0.171875 0.1125 0.3313983333333333 0.3067485751295337 2 0.2718461111111111 0.3939729706390328 2 0 0 0 0 0 0 0 0 0 0 0 0
0 0.4510416666666667 0.1125 0.24479166666666666 0.10104166666666667 0.4440646296296296 0.06596437823834198 2 0.34917527777777774 0.10267400690846286 2 0.35966435185185186 0.14145820379965457 2 0.43916379629629626 0.16403385146804836 2 0.5426432407407408 0.14354965457685667 2 0.5441441666666667 0.0905892487046632 2