5 0.7520833333333333 0.26979166666666665 0.31875 0.40520833333333334 0 0 0 0 0 0 0 0 0 0 0 0 0 0 0 0 0 0
2 0.7708333333333334 0.38645833333333335 0.03958333333333333 0.07916666666666666 0.7674993518518518 0.4147953799654577 2 0.7657166666666666 0.35388234024179616 2 0 0 0 0 0 0 0 0 0 0 0 0
10 0.7072916666666667 0.303125 0.04791666666666667 0.075 0.7121332407407407 0.3366710276338514 2 0.6967406481481482 0.2716870034542314 2 0 0 0 0 0 0 0 0 0 0 0 0
8 0.7854166666666667 0.30416666666666664 0.09166666666666666 0.06979166666666667 0.7664462037037036 0.33013484455958547 2 0.7685899074074073 0.2682637737478411 2 0 0 0 0 0 0 0 0 0 0 0 0
4 0.7333333333333333 0.375 0.053125 0.07083333333333333 0.758352962962963 0.4019800949913644 2 0.7229477777777777 0.34364559585492227 2 0 0 0 0 0 0 0 0 0 0 0 0
6 0.7645833333333333 0.1875 0.13125 0.08333333333333333 0.7117582407407407 0.15083864421416235 2 0.801031574074074 0.1471614853195164 2 0.8166717592592592 0.21939805699481865 2 0.7133979629629629 0.22668497409326424 2 0 0 0 0 0 0
9 0.6833333333333333 0.18854166666666666 0.04375 0.071875 0.6775337962962963 0.21398661485319517 2 0.7059510185185185 0.15777145941278065 2 0 0 0 0 0 0 0 0 0 0 0 0
3 0.665625 0.246875 0.021875 0.06041666666666667 0.6722332407407408 0.22143670120898098 2 0.6626125925925925 0.266678195164076 2 0 0 0 0 0 0 0 0 0 0 0 0
7 0.8447916666666667 0.18020833333333333 0.035416666666666666 0.071875 0.8448267592592592 0.20608255613126078 2 0.8415558333333333 0.15115699481865283 2 0 0 0 0 0 0 0 0 0 0 0 0
1 0.853125 0.24270833333333333 0.058333333333333334 0.05416666666666667 0.8475052777777777 0.22184611398963733 2 0.849880648148148 0.2713981865284974 2 0 0 0 0 0 0 0 0 0 0 0 0
0 0.7614583333333333 0.10625 0.1125 0.046875 0.7611173231432491 0.08537955064150012 2 0.7160523148148148 0.09468514680483592 2 0.724558611111111 0.11288203799654577 2 0.7588508333333334 0.12637582037996545 2 0.7878867592592591 0.11591662348877373 2 0.7785717592592591 0.0952401554404145 2