5 0.753125 0.24583333333333332 0.38645833333333335 0.409375 0 0 0 0 0 0 0 0 0 0 0 0 0 0 0 0 0 0
2 0.7666666666666667 0.3875 0.15520833333333334 0.15520833333333334 0.7690870370370371 0.4446474956822107 2 0.8156575925925925 0.32419680483592395 2 0 0 0 0 0 0 0 0 0 0 0 0
4 0.8291666666666667 0.3489583333333333 0.15520833333333334 0.0875 0.8426060185185185 0.39205418825561306 2 0.794035462962963 0.3145921416234888 2 0 0 0 0 0 0 0 0 0 0 0 0
3 0.6 0.14166666666666666 0.16458333333333333 0.06666666666666667 0.5704188888888889 0.11828890328151988 2 0.6693259259259258 0.16562702936096718 2 0 0 0 0 0 0 0 0 0 0 0 0
10 0.7604166666666666 0.28125 0.075 0.08229166666666667 0.7868006481481481 0.31098544905008635 2 0.7781433333333333 0.24122569084628673 2 0 0 0 0 0 0 0 0 0 0 0 0
8 0.8354166666666667 0.28125 0.12916666666666668 0.08645833333333333 0.8737385185185185 0.24726506908462864 2 0.8203794444444444 0.3165734887737478 2 0 0 0 0 0 0 0 0 0 0 0 0
9 0.7375 0.153125 0.11875 0.041666666666666664 0.7713054629629629 0.13410008635578582 2 0.695644537037037 0.1646699481865285 2 0 0 0 0 0 0 0 0 0 0 0 0
6 0.8354166666666667 0.16770833333333332 0.17083333333333334 0.09479166666666666 0.7761431481481481 0.13247607944732295 2 0.9128359259259259 0.12347569084628668 2 0.8928786111111111 0.2083342400690846 2 0.7643064814814815 0.20597120034542313 2 0 0 0 0 0 0
0 0.8208333333333333 0.08645833333333333 0.13958333333333334 0.07291666666666667 0.8542578703703703 0.06039581174438687 2 0.800326574074074 0.055461658031088074 2 0.7694964814814814 0.07638644214162348 2 0.7931237962962963 0.10703246977547495 2 0.812934537037037 0.11084011226252156 2 0.8627927777777776 0.09451580310880828 2
1 0.8875 0.23854166666666668 0.07395833333333333 0.075 0.8824569444444443 0.26456278065630395 2 0.898041574074074 0.2063694732297064 2 0 0 0 0 0 0 0 0 0 0 0 0
7 0.9166666666666666 0.16770833333333332 0.051041666666666666 0.06666666666666667 0.9064108333333334 0.1939151986183074 2 0.8978357407407407 0.13181986183074265 2 0 0 0 0 0 0 0 0 0 0 0 0