5 0.5114583333333333 0.38333333333333336 0.7083333333333334 0.7020833333333333 0 0 0 0 0 0 0 0 0 0 0 0 0 0 0 0 0 0
10 0.4010416666666667 0.4322916666666667 0.09270833333333334 0.17604166666666668 0.3890336111111111 0.4997672279792746 2 0.4056532407407408 0.3567067357512953 2 0 0 0 0 0 0 0 0 0 0 0 0
8 0.5375 0.4197916666666667 0.096875 0.175 0.516475 0.4904738773747841 2 0.5299117592592593 0.3522793177892919 2 0 0 0 0 0 0 0 0 0 0 0 0
2 0.6020833333333333 0.571875 0.1125 0.15416666666666667 0.6192491666666665 0.6298153281519862 2 0.5824664814814814 0.5070161485319515 2 0 0 0 0 0 0 0 0 0 0 0 0
6 0.4864583333333333 0.2375 0.3614583333333333 0.15729166666666666 0.3681640740740741 0.16388203799654574 2 0.6266999074074074 0.1852601468048359 2 0.5508536111111112 0.2971600604490501 2 0.3612376851851852 0.30843518998272884 2 0 0 0 0 0 0
3 0.2947916666666667 0.3572916666666667 0.051041666666666666 0.10520833333333333 0.2875252777777778 0.3939392487046632 2 0.3122830555555555 0.3164383419689119 2 0 0 0 0 0 0 0 0 0 0 0 0
7 0.6260416666666667 0.23541666666666666 0.08958333333333333 0.13645833333333332 0.6265552777777778 0.2937530224525043 2 0.6246829629629629 0.17663324697754748 2 0 0 0 0 0 0 0 0 0 0 0 0
1 0.6447916666666667 0.34479166666666666 0.084375 0.11875 0.6370081481481481 0.30223678756476685 2 0.6469907407407407 0.38162681347150257 2 0 0 0 0 0 0 0 0 0 0 0 0
0 0.4791666666666667 0.103125 0.209375 0.08125 0.4783870487948265 0.06700180653219838 2 0.39234305555555554 0.08681118307426597 2 0.4057798148148148 0.1353610103626943 2 0.5229277777777777 0.14236899827288427 2 0.5660405555555555 0.13400941278065628 2 0.5713741666666666 0.08878864421416234 2
9 0.32916666666666666 0.234375 0.11666666666666667 0.10520833333333333 0.34619805555555555 0.18901571675302245 2 0.32521342592592595 0.2746940414507772 2 0 0 0 0 0 0 0 0 0 0 0 0
4 0.3729166666666667 0.584375 0.128125 0.13854166666666667 0.40559898148148144 0.638847279792746 2 0.3697193518518518 0.5239957685664939 2 0 0 0 0 0 0 0 0 0 0 0 0