5 0.5229166666666667 0.3958333333333333 0.6197916666666666 0.6270833333333333 0 0 0 0 0 0 0 0 0 0 0 0 0 0 0 0 0 0
10 0.39375 0.43333333333333335 0.14479166666666668 0.12291666666666666 0.3643662962962963 0.4859705526770294 2 0.4041703703703704 0.37009019861830744 2 0 0 0 0 0 0 0 0 0 0 0 0
8 0.5635416666666667 0.44583333333333336 0.11666666666666667 0.16041666666666668 0.5498047222222221 0.39030453367875645 2 0.6023762962962963 0.4999612262521589 2 0 0 0 0 0 0 0 0 0 0 0 0
4 0.3729166666666667 0.5875 0.14479166666666668 0.153125 0.37301074074074075 0.6451890328151986 2 0.3827222222222222 0.5196019861830743 2 0 0 0 0 0 0 0 0 0 0 0 0
2 0.6604166666666667 0.578125 0.16875 0.13854166666666667 0.7234519444444444 0.6353053540587219 2 0.6162833333333333 0.5202007772020726 2 0 0 0 0 0 0 0 0 0 0 0 0
9 0.37395833333333334 0.24895833333333334 0.19479166666666667 0.09375 0.30347583333333333 0.2853198618307426 2 0.4245333333333333 0.2196844127806563 2 0 0 0 0 0 0 0 0 0 0 0 0
6 0.496875 0.2833333333333333 0.209375 0.17083333333333334 0.3903175925925926 0.20821532815198615 2 0.6170066666666667 0.20274218480138168 2 0.5897895370370371 0.357794645941278 2 0.41833046296296295 0.3601812607944732 2 0 0 0 0 0 0
7 0.6666666666666666 0.25416666666666665 0.15625 0.10729166666666666 0.7151331481481481 0.2952372625215889 2 0.6147642592592591 0.21628579447322968 2 0 0 0 0 0 0 0 0 0 0 0 0
1 0.6322916666666667 0.32083333333333336 0.22083333333333333 0.052083333333333336 0.5629882407407406 0.33316973229706387 2 0.6810618518518518 0.3057955958549223 2 0 0 0 0 0 0 0 0 0 0 0 0
3 0.34270833333333334 0.315625 0.19583333333333333 0.057291666666666664 0.2677771296296296 0.2955408894645941 2 0.40568944444444444 0.3347467616580311 2 0 0 0 0 0 0 0 0 0 0 0 0
0 0.496875 0.14375 0.24479166666666666 0.10104166666666667 0.49023435185185177 0.09693104490500863 2 0.39534499999999995 0.13364067357512954 2 0.40583407407407407 0.17242487046632124 2 0.4853335185185185 0.195000518134715 2 0.5888129629629629 0.17451632124352331 2 0.5903138888888889 0.12155591537132988 2