5 0.75 0.371875 0.4166666666666667 0.4708333333333333 0 0 0 0 0 0 0 0 0 0 0 0 0 0 0 0 0 0
2 0.8447916666666667 0.5125 0.08333333333333333 0.11354166666666667 0.8357851851851852 0.5650047063903281 2 0.8370428703703703 0.4577404576856649 2 0 0 0 0 0 0 0 0 0 0 0 0
10 0.7208333333333333 0.39375 0.11458333333333333 0.11770833333333333 0.6903721296296296 0.44642193436960276 2 0.7468449074074074 0.33660388601036273 2 0 0 0 0 0 0 0 0 0 0 0 0
8 0.8510416666666667 0.4 0.04583333333333333 0.11354166666666667 0.8484268518518518 0.44229481865284975 2 0.85751 0.35435958549222796 2 0 0 0 0 0 0 0 0 0 0 0 0
4 0.6625 0.509375 0.10625 0.11041666666666666 0.6300443518518518 0.5563126511226252 2 0.6968673148148148 0.4583464162348877 2 0 0 0 0 0 0 0 0 0 0 0 0
6 0.790625 0.27708333333333335 0.16145833333333334 0.090625 0.7231210185185185 0.23085820379965455 2 0.8610298148148148 0.23793363557858377 2 0.8551549074074074 0.3163016407599309 2 0.727727037037037 0.3183681347150259 2 0 0 0 0 0 0
9 0.6791666666666667 0.26458333333333334 0.059375 0.065625 0.6655209259259258 0.2889870898100172 2 0.6968292592592592 0.2387353626943005 2 0 0 0 0 0 0 0 0 0 0 0 0
3 0.7145833333333333 0.30520833333333336 0.140625 0.028125 0.6619721296296296 0.29637193436960274 2 0.7657439814814815 0.3032981865284974 2 0 0 0 0 0 0 0 0 0 0 0 0
7 0.875 0.25729166666666664 0.08125 0.053125 0.8535893518518518 0.23851433506044903 2 0.8756113888888888 0.2789890759930915 2 0 0 0 0 0 0 0 0 0 0 0 0
1 0.8427083333333333 0.2635416666666667 0.09583333333333334 0.06458333333333334 0.8469355555555554 0.28641899827288425 2 0.8166188888888889 0.23188713298791017 2 0 0 0 0 0 0 0 0 0 0 0 0
0 0.790625 0.2 0.1125 0.046875 0.790601212032138 0.17936879934616332 2 0.7455362037037037 0.18867439550949913 2 0.7538637037037037 0.21597150259067358 2 0.7883347222222222 0.22036506908462866 2 0.8173706481481482 0.20990587219343695 2 0.8080556481481481 0.1892294041450777 2