5 0.7010416666666667 0.26979166666666665 0.3375 0.4322916666666667 0 0 0 0 0 0 0 0 0 0 0 0 0 0 0 0 0 0
10 0.6510416666666666 0.28854166666666664 0.09583333333333334 0.07708333333333334 0.6654072222222223 0.3098066493955095 2 0.677307037037037 0.2516797495682211 2 0 0 0 0 0 0 0 0 0 0 0 0
4 0.6989583333333333 0.375 0.0875 0.10625 0.7070778703703703 0.41732465457685664 2 0.7221703703703704 0.3343492659758204 2 0 0 0 0 0 0 0 0 0 0 0 0
8 0.7197916666666667 0.29583333333333334 0.1375 0.08854166666666667 0.6787987037037038 0.32356869602763383 2 0.7595123148148147 0.26653441278065626 2 0 0 0 0 0 0 0 0 0 0 0 0
2 0.709375 0.37916666666666665 0.09375 0.10520833333333333 0.7294143518518518 0.4155247409326425 2 0.6907546296296296 0.33456670984455955 2 0 0 0 0 0 0 0 0 0 0 0 0
9 0.6416666666666667 0.16458333333333333 0.115625 0.042708333333333334 0.6084240740740741 0.1771988773747841 2 0.6812258333333332 0.14807033678756476 2 0 0 0 0 0 0 0 0 0 0 0 0
6 0.725 0.2 0.09583333333333334 0.08229166666666667 0.6731795370370369 0.1626555267702936 2 0.768919074074074 0.16125932642487048 2 0.7736546296296296 0.25015876511226254 2 0.6705882407407407 0.22942534542314336 2 0 0 0 0 0 0
0 0.721875 0.11770833333333333 0.12604166666666666 0.057291666666666664 0.749064537037037 0.10071468048359239 2 0.7053018106995884 0.09596201170714878 2 0.6790758333333333 0.10867957685664938 2 0.6981353703703703 0.1415905872193437 2 0.7487382407407407 0.14914645941278065 2 0.7686025 0.12241869602763385 2
3 0.640625 0.18020833333333333 0.11979166666666667 0.035416666666666666 0.6821999999999999 0.16485690846286702 2 0.608944074074074 0.1855532383419689 2 0 0 0 0 0 0 0 0 0 0 0 0
1 0.8260416666666667 0.25104166666666666 0.03333333333333333 0.05416666666666667 0.8192553703703703 0.2655437823834197 2 0.8151091666666666 0.2210979274611399 2 0 0 0 0 0 0 0 0 0 0 0 0
7 0.8104166666666667 0.18958333333333333 0.0375 0.08645833333333333 0.8127616666666666 0.22282763385146803 2 0.8138160890652557 0.16216829791718065 2 0 0 0 0 0 0 0 0 0 0 0 0