5 0.49895833333333334 0.4979166666666667 0.4427083333333333 0.6552083333333333 0 0 0 0 0 0 0 0 0 0 0 0 0 0 0 0 0 0
4 0.43645833333333334 0.7260416666666667 0.071875 0.15520833333333334 0.4282407407407407 0.7715518134715025 2 0.4249799074074074 0.6494976252158895 2 0 0 0 0 0 0 0 0 0 0 0 0
10 0.42604166666666665 0.5635416666666667 0.13645833333333332 0.153125 0.44925490740740737 0.6330199481865285 2 0.4180411111111111 0.4805395941278065 2 0 0 0 0 0 0 0 0 0 0 0 0
2 0.5791666666666667 0.7208333333333333 0.14479166666666668 0.15 0.5518482407407407 0.7832908462867011 2 0.5895724999999999 0.6539342400690845 2 0 0 0 0 0 0 0 0 0 0 0 0
8 0.559375 0.5552083333333333 0.15625 0.171875 0.5596064814814814 0.6346391623488773 2 0.5771573148148147 0.4867115284974093 2 0 0 0 0 0 0 0 0 0 0 0 0
6 0.5083333333333333 0.40729166666666666 0.20625 0.18020833333333333 0.40915277777777775 0.31886096718480134 2 0.6165363888888888 0.3124156303972366 2 0.6067708333333334 0.4913509067357512 2 0.4147677777777778 0.49124127806563034 2 0 0 0 0 0 0
3 0.36354166666666665 0.45 0.13229166666666667 0.10208333333333333 0.4097801851851851 0.4067820379965458 2 0.34487120370370367 0.4827659326424871 2 0 0 0 0 0 0 0 0 0 0 0 0
9 0.41875 0.36875 0.11145833333333334 0.08645833333333333 0.4079499074074074 0.4008038428324697 2 0.4395606481481481 0.33815030224525044 2 0 0 0 0 0 0 0 0 0 0 0 0
7 0.6447916666666667 0.365625 0.084375 0.07916666666666666 0.6368573148148148 0.3344192141623489 2 0.6447483333333334 0.39081053540587213 2 0 0 0 0 0 0 0 0 0 0 0 0
1 0.6583333333333333 0.4635416666666667 0.08333333333333333 0.09895833333333333 0.6554904629629629 0.49776014680483593 2 0.6489258333333332 0.42271325561312606 2 0 0 0 0 0 0 0 0 0 0 0 0
0 0.5385416666666667 0.26458333333333334 0.2791666666666667 0.12916666666666668 0.607259074074074 0.2143883419689119 2 0.49075879629629626 0.20941278065630395 2 0.41824 0.23187033678756475 2 0.41482203703703696 0.2854379101899827 2 0.5324074074074073 0.3196429188255613 2 0.627694537037037 0.2702919257340241 2