5 0.5083333333333333 0.48125 0.58125 0.7208333333333333 0 0 0 0 0 0 0 0 0 0 0 0 0 0 0 0 0 0
4 0.43854166666666666 0.6947916666666667 0.10729166666666666 0.1625 0.46833407407407407 0.7555034974093264 2 0.43747861111111114 0.6228544905008635 2 0 0 0 0 0 0 0 0 0 0 0 0
2 0.5260416666666666 0.6864583333333333 0.09895833333333333 0.14270833333333333 0.5010086111111111 0.7319391623488773 2 0.4936704629629629 0.6220231001727115 2 0 0 0 0 0 0 0 0 0 0 0 0
8 0.5239583333333333 0.5114583333333333 0.140625 0.15625 0.4802698148148148 0.5832641623488773 2 0.5672991666666666 0.4522317357512953 2 0 0 0 0 0 0 0 0 0 0 0 0
10 0.434375 0.540625 0.17916666666666667 0.159375 0.40198407407407405 0.610556865284974 2 0.39647638888888886 0.47207728842832464 2 0 0 0 0 0 0 0 0 0 0 0 0
6 0.49166666666666664 0.3302083333333333 0.22708333333333333 0.1625 0.3968503703703704 0.25502050949913646 2 0.6280200925925926 0.25914326424870465 2 0.5677484259259259 0.4001087219343696 2 0.3735297222222222 0.4000224525043177 2 0 0 0 0 0 0
3 0.315625 0.4010416666666667 0.09895833333333333 0.115625 0.29501231481481477 0.4431468480138169 2 0.31705 0.35655319516407596 2 0 0 0 0 0 0 0 0 0 0 0 0
9 0.35104166666666664 0.31354166666666666 0.11770833333333333 0.10416666666666667 0.34798175925925917 0.35297085492227975 2 0.3840555555555555 0.27578708981001726 2 0 0 0 0 0 0 0 0 0 0 0 0
7 0.6895833333333333 0.3125 0.14270833333333333 0.11041666666666666 0.6587217592592592 0.26658890328151985 2 0.6985858333333332 0.3531395077720207 2 0 0 0 0 0 0 0 0 0 0 0 0
1 0.6927083333333334 0.4114583333333333 0.11979166666666667 0.08645833333333333 0.7078822222222222 0.3787265112262521 2 0.6558883333333333 0.446452677029361 2 0 0 0 0 0 0 0 0 0 0 0 0
0 0.484375 0.20416666666666666 0.2916666666666667 0.12083333333333333 0.5452293518518518 0.1462651122625216 2 0.37465638888888886 0.15301165803108807 2 0.3442744444444444 0.2092525474956822 2 0.4091435185185185 0.2418974093264249 2 0.5550615740740741 0.2310532383419689 2 0.5555098148148149 0.19968773747841106 2