5 0.51875 0.34270833333333334 0.6395833333333333 0.6072916666666667 0 0 0 0 0 0 0 0 0 0 0 0 0 0 0 0 0 0
2 0.4322916666666667 0.53125 0.096875 0.14375 0.46903935185185186 0.5854821243523316 2 0.42472953703703703 0.4714189550949913 2 0 0 0 0 0 0 0 0 0 0 0 0
10 0.4166666666666667 0.4041666666666667 0.121875 0.14270833333333333 0.42305046296296295 0.4692981433506045 2 0.38455999999999996 0.3443889896373057 2 0 0 0 0 0 0 0 0 0 0 0 0
4 0.6177083333333333 0.5385416666666667 0.071875 0.15104166666666666 0.6420537037037037 0.5976174438687392 2 0.6106789814814815 0.4714402849740933 2 0 0 0 0 0 0 0 0 0 0 0 0
8 0.584375 0.41041666666666665 0.121875 0.14791666666666667 0.595359537037037 0.46455025906735753 2 0.5449484259259259 0.350487780656304 2 0 0 0 0 0 0 0 0 0 0 0 0
9 0.35625 0.2375 0.05520833333333333 0.12604166666666666 0.3524848148148148 0.28731852331606217 2 0.3594975925925926 0.17934011226252158 2 0 0 0 0 0 0 0 0 0 0 0 0
6 0.46145833333333336 0.2520833333333333 0.21354166666666666 0.18333333333333332 0.3970181481481481 0.16905336787564765 2 0.5509626851851852 0.163525 2 0.5682508333333334 0.341518609671848 2 0.3621057407407407 0.3284471502590673 2 0 0 0 0 0 0
0 0.48125 0.11145833333333334 0.2375 0.11666666666666667 0.5257523148148148 0.0676256908462867 2 0.44186564814814816 0.06191658031088083 2 0.3922663888888888 0.08262914507772019 2 0.4186378703703703 0.14129797063903282 2 0.5280851851851851 0.14112089810017273 2 0.540020925925926 0.10834952504317788 2
3 0.31354166666666666 0.34375 0.1 0.128125 0.3051034259259259 0.3891238773747841 2 0.3381257407407407 0.2829417098445596 2 0 0 0 0 0 0 0 0 0 0 0 0
1 0.6010416666666667 0.2833333333333333 0.09583333333333334 0.06875 0.5798068518518519 0.31075431778929186 2 0.6079673148148147 0.25461381692573404 2 0 0 0 0 0 0 0 0 0 0 0 0
7 0.578125 0.20104166666666667 0.08541666666666667 0.11354166666666667 0.5443202777777778 0.15412495682210708 2 0.5899884259259259 0.2388867443868739 2 0 0 0 0 0 0 0 0 0 0 0 0