5 0.41458333333333336 0.36041666666666666 0.5322916666666667 0.4875 0 0 0 0 0 0 0 0 0 0 0 0 0 0 0 0 0 0
10 0.340625 0.4 0.09375 0.11875 0.3666421296296296 0.4441589378238342 2 0.3427923148148148 0.34651601899827283 2 0 0 0 0 0 0 0 0 0 0 0 0
2 0.4552083333333333 0.5135416666666667 0.08333333333333333 0.13958333333333334 0.42065657407407403 0.5681227979274611 2 0.45155583333333327 0.45026765975820376 2 0 0 0 0 0 0 0 0 0 0 0 0
4 0.3572916666666667 0.49583333333333335 0.08645833333333333 0.13333333333333333 0.3738972222222222 0.5491269430051813 2 0.34334537037037033 0.44324753886010365 2 0 0 0 0 0 0 0 0 0 0 0 0
8 0.4510416666666667 0.38333333333333336 0.1 0.13958333333333334 0.4435253703703703 0.4350373488773748 2 0.4747949074074074 0.3284250863557858 2 0 0 0 0 0 0 0 0 0 0 0 0
6 0.39791666666666664 0.2791666666666667 0.22604166666666667 0.14166666666666666 0.3043848148148148 0.22834287564766836 2 0.4684419444444444 0.21584926597582038 2 0.4940444444444444 0.34143648531951637 2 0.315856574074074 0.34183346286701205 2 0 0 0 0 0 0
3 0.2833333333333333 0.33541666666666664 0.159375 0.096875 0.2776360185185185 0.3630841968911917 2 0.2838678703703703 0.29967322970639027 2 0 0 0 0 0 0 0 0 0 0 0 0
9 0.30833333333333335 0.26979166666666665 0.09375 0.09583333333333334 0.277446574074074 0.3044286701208981 2 0.3174028703703703 0.2332762521588946 2 0 0 0 0 0 0 0 0 0 0 0 0
7 0.5177083333333333 0.21354166666666666 0.14895833333333333 0.042708333333333334 0.5688161111111112 0.2004833333333333 2 0.4598019444444444 0.22608773747841102 2 0 0 0 0 0 0 0 0 0 0 0 0
1 0.5229166666666667 0.18645833333333334 0.16354166666666667 0.0375 0.564054074074074 0.20204987046632122 2 0.4762463888888888 0.1695197322970639 2 0 0 0 0 0 0 0 0 0 0 0 0
0 0.3927083333333333 0.184375 0.23333333333333334 0.09270833333333334 0.4497261111111111 0.15689512089810015 2 0.36387222222222226 0.14922219343696025 2 0.30824574074074074 0.17935103626943005 2 0.33266648148148154 0.21761493955094988 2 0.44703249999999994 0.20892288428324696 2 0.46653611111111104 0.18804304835924007 2