5 0.6958333333333333 0.4125 0.3927083333333333 0.4395833333333333 0 0 0 0 0 0 0 0 0 0 0 0 0 0 0 0 0 0
8 0.5979166666666667 0.5416666666666666 0.2677083333333333 0.058333333333333334 0.6966798148148148 0.5238137305699481 2 0.5017633333333333 0.5720904576856648 2 0 0 0 0 0 0 0 0 0 0 0 0
2 0.5875 0.6125 0.2604166666666667 0.053125 0.6403314579659024 0.6341553342688543 2 0.5052604629629629 0.5956745682210708 2 0 0 0 0 0 0 0 0 0 0 0 0
0 0.7729166666666667 0.28229166666666666 0.15 0.08645833333333333 0.7805037962962963 0.25005621761658026 2 0.7165653703703703 0.2680302677029361 2 0.7118873148148148 0.29506778929188254 2 0.7372508333333333 0.3194477547495682 2 0.8021493518518518 0.3155964162348877 2 0.8398251851851852 0.2690002158894646 2
10 0.6489583333333333 0.5541666666666667 0.07604166666666666 0.09583333333333334 0.6399716666666666 0.5961009067357512 2 0.6413202777777778 0.5121673575129533 2 0 0 0 0 0 0 0 0 0 0 0 0
4 0.6427083333333333 0.6447916666666667 0.05625 0.06875 0.6307053130511464 0.6718592188228197 2 0.6326193518518518 0.6157306563039724 2 0 0 0 0 0 0 0 0 0 0 0 0
7 0.859375 0.39479166666666665 0.10833333333333334 0.096875 0.8725639814814815 0.432806390328152 2 0.8235891666666666 0.3453163644214162 2 0 0 0 0 0 0 0 0 0 0 0 0
1 0.8072916666666666 0.49895833333333334 0.14375 0.11666666666666667 0.7495022222222222 0.5345399395509499 2 0.8719087962962963 0.440409585492228 2 0 0 0 0 0 0 0 0 0 0 0 0
6 0.7072916666666667 0.403125 0.228125 0.13958333333333334 0.6440630555555555 0.3430105354058722 2 0.8288919444444445 0.3421436528497409 2 0.793776111111111 0.4737534974093264 2 0.6081014814814815 0.46521588946459413 2 0 0 0 0 0 0
3 0.5895833333333333 0.421875 0.134375 0.040625 0.5584486111111111 0.43030159758203795 2 0.6511487037037037 0.41003588082901554 2 0 0 0 0 0 0 0 0 0 0 0 0
9 0.6510416666666666 0.3697916666666667 0.05416666666666667 0.08020833333333334 0.6193775925925925 0.4095491364421416 2 0.6704552777777777 0.3436927029360967 2 0 0 0 0 0 0 0 0 0 0 0 0