5 0.5260416666666666 0.390625 0.5979166666666667 0.6479166666666667 0 0 0 0 0 0 0 0 0 0 0 0 0 0 0 0 0 0
2 0.621875 0.5677083333333334 0.16666666666666666 0.159375 0.655508611111111 0.6246373488773748 2 0.5974212037037036 0.4962084196891191 2 0 0 0 0 0 0 0 0 0 0 0 0
10 0.403125 0.3958333333333333 0.11875 0.15520833333333334 0.39919703703703696 0.4572471502590673 2 0.42305046296296295 0.3418474956822107 2 0 0 0 0 0 0 0 0 0 0 0 0
4 0.425 0.5604166666666667 0.13645833333333332 0.1625 0.42500361111111107 0.6232374352331606 2 0.39692657407407406 0.48932707253886004 2 0 0 0 0 0 0 0 0 0 0 0 0
8 0.5541666666666667 0.41041666666666665 0.10104166666666667 0.153125 0.5760271296296295 0.4673332037996545 2 0.5476887037037037 0.3496818652849741 2 0 0 0 0 0 0 0 0 0 0 0 0
9 0.3645833333333333 0.24583333333333332 0.051041666666666666 0.07395833333333333 0.37297453703703703 0.27137979274611396 2 0.37886990740740745 0.2141626511226252 2 0 0 0 0 0 0 0 0 0 0 0 0
6 0.48541666666666666 0.2625 0.21458333333333332 0.15520833333333334 0.38715277777777773 0.2066298359240069 2 0.6068974074074074 0.19508480138169257 2 0.5742549074074074 0.32778933506044905 2 0.3966651851851851 0.32910492227979277 2 0 0 0 0 0 0
0 0.48541666666666666 0.1375 0.278125 0.12291666666666666 0.5491354629629629 0.09284088946459411 2 0.4493768552812071 0.08996442441469968 2 0.4001012037037037 0.1228545768566494 2 0.4237196296296296 0.1816928756476684 2 0.5280671296296295 0.19067422279792742 2 0.575484537037037 0.1396956822107081 2
3 0.37916666666666665 0.30625 0.15104166666666666 0.041666666666666664 0.4112412962962963 0.3099110103626943 2 0.3609483333333333 0.2909110535405872 2 0 0 0 0 0 0 0 0 0 0 0 0
1 0.6229166666666667 0.35 0.12083333333333333 0.0875 0.6462312037037037 0.3073642055267703 2 0.6228479629629629 0.37837158894645934 2 0 0 0 0 0 0 0 0 0 0 0 0
7 0.6125 0.25833333333333336 0.11666666666666667 0.13333333333333333 0.592610648148148 0.20295289291882554 2 0.6327762962962963 0.3125674438687392 2 0 0 0 0 0 0 0 0 0 0 0 0