5 0.5020833333333333 0.3875 0.60625 0.7177083333333333 0 0 0 0 0 0 0 0 0 0 0 0 0 0 0 0 0 0
2 0.590625 0.653125 0.090625 0.128125 0.5652488888888888 0.6957628238341969 2 0.5843452777777778 0.5981954231433505 2 0 0 0 0 0 0 0 0 0 0 0 0
8 0.60625 0.5041666666666667 0.12291666666666666 0.19583333333333333 0.5921042592592592 0.5849339378238342 2 0.5996273148148147 0.4169907167530224 2 0 0 0 0 0 0 0 0 0 0 0 0
7 0.7125 0.24479166666666666 0.15625 0.12395833333333334 0.6501184259259258 0.1946381692573402 2 0.7302698148148148 0.2955661485319517 2 0 0 0 0 0 0 0 0 0 0 0 0
4 0.45416666666666666 0.6572916666666667 0.096875 0.1375 0.46292675925925925 0.7001059153713298 2 0.45310694444444444 0.5874217616580312 2 0 0 0 0 0 0 0 0 0 0 0 0
10 0.46770833333333334 0.475 0.11770833333333333 0.21145833333333333 0.44574657407407403 0.5640702504317789 2 0.4367350925925926 0.3768733592400691 2 0 0 0 0 0 0 0 0 0 0 0 0
6 0.5135416666666667 0.29270833333333335 0.3 0.23125 0.3671332407407407 0.1828566925734024 2 0.6425058333333332 0.1869046200345423 2 0.6116717592592592 0.3966294473229706 2 0.38881657407407405 0.4007110967184801 2 0 0 0 0 0 0
3 0.3375 0.34791666666666665 0.1 0.09270833333333334 0.3311267592592592 0.30413838514680486 2 0.32919194444444444 0.3809521588946459 2 0 0 0 0 0 0 0 0 0 0 0 0
9 0.36875 0.2552083333333333 0.13020833333333334 0.12291666666666666 0.3421585185185185 0.29489995682210707 2 0.38571944444444445 0.2059262089810017 2 0 0 0 0 0 0 0 0 0 0 0 0
1 0.6864583333333333 0.328125 0.23645833333333333 0.08541666666666667 0.620189537037037 0.3522540155440414 2 0.7331208333333332 0.30357141623488776 2 0 0 0 0 0 0 0 0 0 0 0 0
0 0.5177083333333333 0.1125 0.34375 0.12604166666666666 0.6198459259259258 0.07001226252158894 2 0.49464694444444446 0.05496748704663212 2 0.3885452777777777 0.08330297927461139 2 0.3692310185185185 0.13515859240069084 2 0.5056965740740741 0.1660493523316062 2 0.6124493518518518 0.13241783246977548 2