5 0.4947916666666667 0.38229166666666664 0.6739583333333333 0.7135416666666666 0 0 0 0 0 0 0 0 0 0 0 0 0 0 0 0 0 0
2 0.5677083333333334 0.5854166666666667 0.1 0.13854166666666667 0.5804217592592592 0.6457119170984456 2 0.5772569444444444 0.5247209844559585 2 0 0 0 0 0 0 0 0 0 0 0 0
10 0.39791666666666664 0.42083333333333334 0.11875 0.15520833333333334 0.41532842592592595 0.48371044905008637 2 0.4116933333333333 0.35468285837651126 2 0 0 0 0 0 0 0 0 0 0 0 0
4 0.43645833333333334 0.584375 0.11458333333333333 0.165625 0.4615885185185185 0.646884110535406 2 0.42610666666666663 0.5096424438687391 2 0 0 0 0 0 0 0 0 0 0 0 0
8 0.5604166666666667 0.41458333333333336 0.11041666666666666 0.153125 0.5491175 0.47782413644214156 2 0.5716869444444445 0.345279792746114 2 0 0 0 0 0 0 0 0 0 0 0 0
9 0.35104166666666664 0.215625 0.08125 0.11458333333333333 0.3602430555555555 0.27440729706390327 2 0.3810038888888888 0.16309127806563037 2 0 0 0 0 0 0 0 0 0 0 0 0
6 0.49270833333333336 0.24375 0.2677083333333333 0.18645833333333334 0.3748552777777778 0.15495971502590675 2 0.6129557407407408 0.16212793609671844 2 0.5960828703703703 0.32022478411053534 2 0.3992512962962963 0.3201573402417962 2 0 0 0 0 0 0
0 0.49166666666666664 0.08854166666666667 0.278125 0.12291666666666666 0.5553926851851851 0.04429952504317789 2 0.4556340775034293 0.04142305999328344 2 0.40635842592592586 0.07431321243523316 2 0.42997685185185186 0.13315151122625216 2 0.5343243518518518 0.14213285837651124 2 0.5817417592592593 0.09115431778929188 2
3 0.3416666666666667 0.309375 0.07604166666666666 0.090625 0.31844981481481477 0.3472362694300518 2 0.3511647222222222 0.26926312607944725 2 0 0 0 0 0 0 0 0 0 0 0 0
1 0.646875 0.3260416666666667 0.09479166666666666 0.10833333333333334 0.6298827777777778 0.2727123056994819 2 0.6434280555555555 0.3631243955094991 2 0 0 0 0 0 0 0 0 0 0 0 0
7 0.6395833333333333 0.20833333333333334 0.09479166666666666 0.1125 0.6310221296296297 0.1637385578583765 2 0.6461950925925926 0.2541929620034542 2 0 0 0 0 0 0 0 0 0 0 0 0