5 0.446875 0.296875 0.6635416666666667 0.4864583333333333 0 0 0 0 0 0 0 0 0 0 0 0 0 0 0 0 0 0
4 0.465625 0.42916666666666664 0.15520833333333334 0.08645833333333333 0.4844946296296296 0.46280375647668387 2 0.41965111111111114 0.39467677029360965 2 0 0 0 0 0 0 0 0 0 0 0 0
10 0.4354166666666667 0.346875 0.13541666666666666 0.115625 0.41068814814814814 0.39481580310880826 2 0.4397358333333333 0.29762301381692574 2 0 0 0 0 0 0 0 0 0 0 0 0
8 0.5333333333333333 0.340625 0.1 0.11875 0.5273887962962962 0.28881256476683936 2 0.49217842592592587 0.3945849740932642 2 0 0 0 0 0 0 0 0 0 0 0 0
2 0.4708333333333333 0.4552083333333333 0.06666666666666667 0.1125 0.4573749999999999 0.5015197322970639 2 0.478187037037037 0.4109601899827288 2 0 0 0 0 0 0 0 0 0 0 0 0
9 0.34375 0.16354166666666667 0.18020833333333333 0.027083333333333334 0.27833990740740744 0.1588591968911917 2 0.4019640740740741 0.16766118307426595 2 0 0 0 0 0 0 0 0 0 0 0 0
6 0.496875 0.240625 0.2 0.121875 0.40333842592592595 0.1819458981001727 2 0.5720848148148148 0.1813640328151986 2 0.5702401851851852 0.29073393782383417 2 0.4089807407407407 0.2945963730569948 2 0 0 0 0 0 0
7 0.6302083333333334 0.15416666666666667 0.153125 0.059375 0.6699352777777777 0.12840958549222795 2 0.5797489814814815 0.177736701208981 2 0 0 0 0 0 0 0 0 0 0 0 0
1 0.7177083333333333 0.10208333333333333 0.15416666666666667 0.06354166666666666 0.664873611111111 0.12864119170984456 2 0.7374485185185186 0.08024352331606216 2 0 0 0 0 0 0 0 0 0 0 0 0
3 0.21145833333333333 0.12291666666666666 0.15416666666666667 0.06666666666666667 0.15689546296296297 0.09809512089810017 2 0.2589551851851852 0.14955060449050084 2 0 0 0 0 0 0 0 0 0 0 0 0
0 0.49166666666666664 0.125 0.19791666666666666 0.103125 0.49064453703703703 0.08069831606217616 2 0.4159833333333333 0.10948583765112262 2 0.4052730555555556 0.14885112262521588 2 0.4847725 0.17142677029360967 2 0.5727704629629629 0.14820863557858377 2 0.5628151851851851 0.10384209844559585 2