5 0.49166666666666664 0.321875 0.46458333333333335 0.5802083333333333 0 0 0 0 0 0 0 0 0 0 0 0 0 0 0 0 0 0
2 0.5666666666666667 0.4875 0.06770833333333333 0.11354166666666667 0.549027037037037 0.5160433074265975 2 0.5659541666666666 0.4412072107081174 2 0 0 0 0 0 0 0 0 0 0 0 0
4 0.44583333333333336 0.48333333333333334 0.09583333333333334 0.12395833333333334 0.4478262037037037 0.5263823834196891 2 0.4508512037037037 0.4367858808290155 2 0 0 0 0 0 0 0 0 0 0 0 0
8 0.534375 0.34270833333333334 0.12395833333333334 0.15104166666666666 0.5390444444444444 0.3959885146804836 2 0.5366211111111111 0.2837850172711571 2 0 0 0 0 0 0 0 0 0 0 0 0
10 0.4375 0.34375 0.10625 0.14583333333333334 0.4412977777777778 0.3980377806563039 2 0.4467587962962963 0.2818402417962003 2 0 0 0 0 0 0 0 0 0 0 0 0
6 0.49375 0.215625 0.221875 0.1625 0.39659287037037033 0.1479264680483592 2 0.6070059259259258 0.1433810017271157 2 0.5660083333333332 0.2787504317789292 2 0.41200083333333326 0.2767180051813472 2 0 0 0 0 0 0
9 0.39375 0.1875 0.057291666666666664 0.10833333333333334 0.4056349074074073 0.15211964594127805 2 0.3905707407407407 0.23161735751295334 2 0 0 0 0 0 0 0 0 0 0 0 0
3 0.3958333333333333 0.265625 0.07604166666666666 0.09270833333333334 0.3837348148148148 0.2352014680483592 2 0.3882198148148148 0.3024729706390328 2 0 0 0 0 0 0 0 0 0 0 0 0
0 0.484375 0.10104166666666667 0.240625 0.10833333333333334 0.569597037037037 0.06504922279792745 2 0.48297212962962965 0.04411113989637305 2 0.39566314814814807 0.0732371761658031 2 0.4392512962962963 0.13440539723661485 2 0.5389079629629628 0.13159045768566494 2 0.585327037037037 0.10366718480138168 2
7 0.6291666666666667 0.17604166666666668 0.10520833333333333 0.109375 0.5997178703703703 0.21715444732297062 2 0.6160151851851852 0.1509837219343696 2 0 0 0 0 0 0 0 0 0 0 0 0
1 0.6125 0.2760416666666667 0.075 0.09583333333333334 0.61773 0.30574503454231433 2 0.6141616666666665 0.2330956390328152 2 0 0 0 0 0 0 0 0 0 0 0 0