5 0.5260416666666666 0.3697916666666667 0.4875 0.5875 0 0 0 0 0 0 0 0 0 0 0 0 0 0 0 0 0 0
2 0.590625 0.5552083333333333 0.14166666666666666 0.165625 0.5664062962962962 0.6191304404145076 2 0.5804037037037036 0.4744424006908463 2 0 0 0 0 0 0 0 0 0 0 0 0
10 0.46875 0.41770833333333335 0.12083333333333333 0.1375 0.4524377777777777 0.47703139032815195 2 0.4925312037037037 0.3613112694300518 2 0 0 0 0 0 0 0 0 0 0 0 0
8 0.5895833333333333 0.4239583333333333 0.09375 0.13958333333333334 0.5799515740740742 0.4787770725388601 2 0.5842375925925924 0.37371649395509493 2 0 0 0 0 0 0 0 0 0 0 0 0
6 0.5354166666666667 0.30625 0.17083333333333334 0.128125 0.45983435185185184 0.2442924006908463 2 0.5949254629629629 0.248736701208981 2 0.5998625925925924 0.3598691709844559 2 0.4525462962962962 0.36136187392055263 2 0 0 0 0 0 0
3 0.5229166666666667 0.1625 0.20625 0.028125 0.6074580555555555 0.15708488773747842 2 0.4525282407407408 0.16663963730569947 2 0 0 0 0 0 0 0 0 0 0 0 0
7 0.6489583333333333 0.22916666666666666 0.153125 0.08854166666666667 0.6008210185185184 0.268664335060449 2 0.6845064814814815 0.19419114853195163 2 0 0 0 0 0 0 0 0 0 0 0 0
1 0.6770833333333334 0.15416666666666667 0.21354166666666666 0.06770833333333333 0.6923466666666667 0.17931476683937825 2 0.6004050925925924 0.134011701208981 2 0 0 0 0 0 0 0 0 0 0 0 0
0 0.5291666666666667 0.19791666666666666 0.209375 0.08125 0.5289513080540857 0.16148721240439182 2 0.4634512962962963 0.18346386010362695 2 0.456344074074074 0.22984641623488772 2 0.5467484259259259 0.2343243523316062 2 0.5923213888888889 0.21068618307426595 2 0.5867694444444445 0.1834470207253886 2
9 0.45625 0.203125 0.06875 0.09270833333333334 0.44976796296296295 0.16424745250431777 2 0.4565429629629629 0.24347439550949915 2 0 0 0 0 0 0 0 0 0 0 0 0
4 0.40625 0.534375 0.115625 0.15208333333333332 0.3782189814814814 0.6037821243523316 2 0.44952611111111107 0.46735846286701205 2 0 0 0 0 0 0 0 0 0 0 0 0