5 0.721875 0.3020833333333333 0.30520833333333336 0.33958333333333335 0 0 0 0 0 0 0 0 0 0 0 0 0 0 0 0 0 0
2 0.7395833333333334 0.39791666666666664 0.06145833333333333 0.07604166666666666 0.73269 0.4259142918825561 2 0.7373780555555556 0.36325375647668395 2 0 0 0 0 0 0 0 0 0 0 0 0
10 0.66875 0.34791666666666665 0.08958333333333333 0.09583333333333334 0.6400574074074074 0.3877662348877375 2 0.6872005555555556 0.3062557858376511 2 0 0 0 0 0 0 0 0 0 0 0 0
8 0.7333333333333333 0.35208333333333336 0.07083333333333333 0.08229166666666667 0.7422462037037038 0.38305133851468043 2 0.7278274074074073 0.3101073402417962 2 0 0 0 0 0 0 0 0 0 0 0 0
4 0.6802083333333333 0.415625 0.07916666666666666 0.071875 0.703548148148148 0.44134797063903275 2 0.6549882407407407 0.38350116580310883 2 0 0 0 0 0 0 0 0 0 0 0 0
6 0.7364583333333333 0.25625 0.13125 0.08333333333333333 0.6839059259259258 0.22026157167530222 2 0.7870068518518518 0.24159546632124354 2 0.7508161111111111 0.289155310880829 2 0.6676914814814815 0.28811407599309147 2 0 0 0 0 0 0
9 0.6510416666666666 0.184375 0.06770833333333333 0.0625 0.637113148148148 0.20784956822107079 2 0.6618116666666667 0.15847586355785837 2 0 0 0 0 0 0 0 0 0 0 0 0
3 0.66875 0.234375 0.11041666666666666 0.042708333333333334 0.6312986111111111 0.21777335924006905 2 0.6897666666666666 0.2456610967184801 2 0 0 0 0 0 0 0 0 0 0 0 0
7 0.7802083333333333 0.265625 0.034375 0.04791666666666667 0.7798343518518518 0.2850442573402418 2 0.7891158333333333 0.24752646804835923 2 0 0 0 0 0 0 0 0 0 0 0 0
1 0.7854166666666667 0.30625 0.05520833333333333 0.03958333333333333 0.7815630555555555 0.29303989637305694 2 0.7824378703703704 0.31964222797927455 2 0 0 0 0 0 0 0 0 0 0 0 0
0 0.78125 0.209375 0.1125 0.046875 0.781010286106212 0.18797044010609423 2 0.7359452777777779 0.19727603626943005 2 0.744451574074074 0.21547292746113988 2 0.7787437962962963 0.22896670984455952 2 0.8077797222222222 0.21850751295336787 2 0.7984647222222222 0.1978310449050086 2