5 0.7489583333333333 0.271875 0.43333333333333335 0.45208333333333334 0 0 0 0 0 0 0 0 0 0 0 0 0 0 0 0 0 0
3 0.6645833333333333 0.22916666666666666 0.10104166666666667 0.08020833333333334 0.6239540740740741 0.19855250431778926 2 0.6895422222222222 0.25489494818652847 2 0 0 0 0 0 0 0 0 0 0 0 0
10 0.7041666666666667 0.284375 0.09583333333333334 0.12083333333333333 0.7359933333333333 0.33805086355785835 2 0.6839222222222221 0.22886588946459413 2 0 0 0 0 0 0 0 0 0 0 0 0
8 0.7760416666666666 0.2916666666666667 0.096875 0.109375 0.79743 0.24431113989637304 2 0.7648277777777778 0.3385446027633851 2 0 0 0 0 0 0 0 0 0 0 0 0
9 0.6302083333333334 0.15625 0.13958333333333334 0.071875 0.654776574074074 0.12237646804835924 2 0.6384748148148148 0.18918186528497408 2 0 0 0 0 0 0 0 0 0 0 0 0
6 0.73125 0.16875 0.15833333333333333 0.08333333333333333 0.6641409259259259 0.12823518998272884 2 0.8159885185185185 0.12487370466321242 2 0.7999521296296296 0.21367089810017273 2 0.6650127777777777 0.21573644214162346 2 0 0 0 0 0 0
0 0.7458333333333333 0.090625 0.15833333333333333 0.08333333333333333 0.7701806481481481 0.05982120034542313 2 0.7162493518518518 0.05488704663212434 2 0.6929364814814815 0.0748720207253886 2 0.7025612037037037 0.11338130397236613 2 0.7508316666666666 0.12613838514680484 2 0.797356111111111 0.1078655872193437 2
1 0.8572916666666667 0.209375 0.146875 0.04479166666666667 0.8327567592592592 0.22533821243523314 2 0.9047013888888888 0.19273981001727114 2 0 0 0 0 0 0 0 0 0 0 0 0
7 0.878125 0.16041666666666668 0.17604166666666668 0.05416666666666667 0.9083305555555554 0.17787327288428323 2 0.7959308333333334 0.13064430051813472 2 0 0 0 0 0 0 0 0 0 0 0 0
2 0.7208333333333333 0.440625 0.0875 0.08020833333333334 0.7386028968253967 0.4731492281951641 2 0.7386028968253967 0.45619544910148857 2 0 0 0 0 0 0 0 0 0 0 0 0
4 0.79375 0.4041666666666667 0.165625 0.11666666666666667 0.7980994444444445 0.4496418393782383 2 0.746051111111111 0.3491627806563039 2 0 0 0 0 0 0 0 0 0 0 0 0