5 0.50625 0.32916666666666666 0.38333333333333336 0.5458333333333333 0 0 0 0 0 0 0 0 0 0 0 0 0 0 0 0 0 0
7 0.625 0.21458333333333332 0.08125 0.09375 0.6003266666666666 0.1762211571675302 2 0.6190321296296296 0.24839093264248704 2 0 0 0 0 0 0 0 0 0 0 0 0
4 0.475 0.509375 0.071875 0.15520833333333334 0.4677191666666667 0.555325 2 0.4644583333333333 0.4332708117443868 2 0 0 0 0 0 0 0 0 0 0 0 0
10 0.4552083333333333 0.36770833333333336 0.13645833333333332 0.11354166666666667 0.45994287037037035 0.4136475820379965 2 0.44777194444444446 0.31644671848013817 2 0 0 0 0 0 0 0 0 0 0 0 0
2 0.5458333333333333 0.5 0.14479166666666668 0.15 0.5184099999999999 0.562518609671848 2 0.5561342592592593 0.43316200345423145 2 0 0 0 0 0 0 0 0 0 0 0 0
8 0.5520833333333334 0.3614583333333333 0.09166666666666666 0.140625 0.5418655555555555 0.42052063903281517 2 0.5690554629629628 0.3089231865284974 2 0 0 0 0 0 0 0 0 0 0 0 0
6 0.5145833333333333 0.2520833333333333 0.2520833333333333 0.146875 0.40379046296296295 0.19642569084628667 2 0.5817419444444444 0.1803773316062176 2 0.5800058333333332 0.3090170984455958 2 0.4325267592592592 0.31287107081174437 2 0 0 0 0 0 0
3 0.41875 0.3104166666666667 0.09479166666666666 0.09166666666666666 0.4152778703703703 0.2680731001727115 2 0.398654537037037 0.34608937823834196 2 0 0 0 0 0 0 0 0 0 0 0 0
9 0.4239583333333333 0.21354166666666666 0.0875 0.10104166666666667 0.4065936111111111 0.24850902417962004 2 0.42026444444444444 0.17513691709844556 2 0 0 0 0 0 0 0 0 0 0 0 0
1 0.56875 0.20208333333333334 0.10520833333333333 0.08958333333333333 0.5906033333333334 0.23698929188255613 2 0.5406539814814815 0.16583851468048358 2 0 0 0 0 0 0 0 0 0 0 0 0
0 0.515625 0.14375 0.23541666666666666 0.115625 0.5775462962962963 0.1126082901554404 2 0.4896556481481481 0.09505880829015544 2 0.4171368518518518 0.1175163644214162 2 0.41371888888888886 0.17108393782383416 2 0.5216290740740741 0.19124771157167528 2 0.591597962962963 0.16054248704663213 2