5 0.721875 0.4552083333333333 0.4895833333333333 0.7677083333333333 0 0 0 0 0 0 0 0 0 0 0 0 0 0 0 0 0 0
2 0.8270833333333333 0.721875 0.1 0.14375 0.8632631481481481 0.7719229274611398 2 0.8194263888888889 0.6566076424870465 2 0 0 0 0 0 0 0 0 0 0 0 0
4 0.6364583333333333 0.715625 0.15 0.18020833333333333 0.6720196296296296 0.7894048791018998 2 0.6244179629629628 0.6359427892918824 2 0 0 0 0 0 0 0 0 0 0 0 0
8 0.778125 0.5270833333333333 0.12291666666666666 0.209375 0.8031502777777777 0.6174860535405872 2 0.8154477777777777 0.4495476252158894 2 0 0 0 0 0 0 0 0 0 0 0 0
10 0.6114583333333333 0.5364583333333334 0.103125 0.21145833333333333 0.6213650000000001 0.628078151986183 2 0.5983253703703704 0.43704123488773744 2 0 0 0 0 0 0 0 0 0 0 0 0
6 0.6875 0.2989583333333333 0.22708333333333333 0.1625 0.5927054629629629 0.22474542314335058 2 0.8238751851851852 0.22886817789291883 2 0.7743779629629629 0.3747369170984456 2 0.6095197222222222 0.3711949913644214 2 0 0 0 0 0 0
3 0.54375 0.4083333333333333 0.13645833333333332 0.11458333333333333 0.5255533333333333 0.45767720207253876 2 0.5562535185185185 0.363721286701209 2 0 0 0 0 0 0 0 0 0 0 0 0
9 0.5166666666666667 0.29270833333333335 0.10416666666666667 0.11875 0.5295862962962963 0.347194127806563 2 0.5429097222222221 0.24695410189982728 2 0 0 0 0 0 0 0 0 0 0 0 0
7 0.8625 0.2635416666666667 0.09270833333333334 0.10833333333333334 0.839132685185185 0.2178030224525043 2 0.8890697222222221 0.2966034542314334 2 0 0 0 0 0 0 0 0 0 0 0 0
1 0.8135416666666667 0.25729166666666664 0.12291666666666666 0.13125 0.8468605555555555 0.3017477115716753 2 0.783528611111111 0.2138064766839378 2 0 0 0 0 0 0 0 0 0 0 0 0
0 0.6947916666666667 0.15520833333333334 0.34270833333333334 0.146875 0.7709238888888889 0.09739486183074265 2 0.6381294444444444 0.09671174438687391 2 0.5535121296296296 0.1469819516407599 2 0.5883066666666666 0.20496010362694297 2 0.7479384259259259 0.19906528497409323 2 0.7994973148148148 0.15791977547495684 2