5 0.45729166666666665 0.321875 0.4895833333333333 0.5958333333333333 0 0 0 0 0 0 0 0 0 0 0 0 0 0 0 0 0 0
10 0.38229166666666664 0.35 0.12291666666666666 0.14270833333333333 0.37252175925925923 0.4143959844559585 2 0.36490472222222226 0.28401394645941275 2 0 0 0 0 0 0 0 0 0 0 0 0
4 0.42916666666666664 0.5104166666666666 0.18229166666666666 0.15729166666666666 0.4118349074074074 0.5791326856649396 2 0.4125442592592592 0.4378287564766839 2 0 0 0 0 0 0 0 0 0 0 0 0
8 0.5239583333333333 0.37083333333333335 0.13645833333333332 0.14895833333333333 0.539496574074074 0.4264407167530224 2 0.4954892592592593 0.3030674870466321 2 0 0 0 0 0 0 0 0 0 0 0 0
2 0.4552083333333333 0.48854166666666665 0.159375 0.146875 0.45546453703703704 0.5593333333333332 2 0.5305459259259259 0.4278370034542314 2 0 0 0 0 0 0 0 0 0 0 0 0
6 0.484375 0.209375 0.19895833333333332 0.13541666666666666 0.3876738888888889 0.14432171848013817 2 0.566985 0.1349309153713299 2 0.5694216666666667 0.26923670120898097 2 0.4149848148148148 0.25490138169257337 2 0 0 0 0 0 0
3 0.371875 0.07291666666666667 0.17916666666666667 0.053125 0.2932750925925926 0.08844792746113989 2 0.4443721296296296 0.05940332469775475 2 0 0 0 0 0 0 0 0 0 0 0 0
7 0.5697916666666667 0.115625 0.08333333333333333 0.06979166666666667 0.5720124074074074 0.1365163644214162 2 0.5662518518518519 0.09083406735751295 2 0 0 0 0 0 0 0 0 0 0 0 0
1 0.496875 0.053125 0.19583333333333333 0.057291666666666664 0.5683775 0.06722931778929189 2 0.4288512962962963 0.06590427461139896 2 0 0 0 0 0 0 0 0 0 0 0 0
9 0.33229166666666665 0.13020833333333334 0.10208333333333333 0.08645833333333333 0.3048207407407407 0.0944628238341969 2 0.3777307407407407 0.14529529360967183 2 0 0 0 0 0 0 0 0 0 0 0 0
0 0.49166666666666664 0.10416666666666667 0.12291666666666666 0.06979166666666667 0.4914833921222809 0.07332548575129533 2 0.4494413888888889 0.0833986614853195 2 0.43788685185185183 0.12476407599309153 2 0.49247351851851845 0.1380933506044905 2 0.5355862962962963 0.1297337651122625 2 0.5409199074074074 0.08451299654576856 2