5 0.490625 0.43854166666666666 0.8229166666666666 0.7552083333333334 0 0 0 0 0 0 0 0 0 0 0 0 0 0 0 0 0 0
2 0.571875 0.6479166666666667 0.13333333333333333 0.14166666666666666 0.5485387037037036 0.7061525043177892 2 0.5813982407407408 0.5832979274611397 2 0 0 0 0 0 0 0 0 0 0 0 0
4 0.4375 0.6625 0.11770833333333333 0.18020833333333333 0.4568685185185185 0.7227405872193436 2 0.44151148148148145 0.5820716321243523 2 0 0 0 0 0 0 0 0 0 0 0 0
8 0.5666666666666667 0.4635416666666667 0.08958333333333333 0.159375 0.5543438888888889 0.5360383419689119 2 0.5710901851851851 0.40030630397236616 2 0 0 0 0 0 0 0 0 0 0 0 0
10 0.41875 0.490625 0.12916666666666668 0.14479166666666668 0.4329608333333333 0.5518843264248704 2 0.3820087962962963 0.42916083765112256 2 0 0 0 0 0 0 0 0 0 0 0 0
6 0.45208333333333334 0.28020833333333334 0.22708333333333333 0.1625 0.35825805555555557 0.20555146804835925 2 0.5894277777777777 0.20967422279792744 2 0.5420825925925926 0.34115595854922276 2 0.3750723148148148 0.35200103626943 2 0 0 0 0 0 0
3 0.24791666666666667 0.2916666666666667 0.2635416666666667 0.035416666666666666 0.3253761111111111 0.2901773747841105 2 0.1962275 0.28713117443868735 2 0 0 0 0 0 0 0 0 0 0 0 0
9 0.2604166666666667 0.240625 0.22395833333333334 0.08020833333333334 0.191135 0.26039136442141625 2 0.34700037037037035 0.21485742659758203 2 0 0 0 0 0 0 0 0 0 0 0 0
7 0.6875 0.22291666666666668 0.25416666666666665 0.06458333333333334 0.6004535185185185 0.19815367012089807 2 0.7812137962962963 0.25189071675302244 2 0 0 0 0 0 0 0 0 0 0 0 0
1 0.709375 0.2875 0.2520833333333333 0.08125 0.6248372222222222 0.2968227115716753 2 0.7658962962962962 0.26852094127806564 2 0 0 0 0 0 0 0 0 0 0 0 0
0 0.46458333333333335 0.15104166666666666 0.2916666666666667 0.13854166666666667 0.5254811111111111 0.10111390328151985 2 0.38228805555555556 0.08673527633851467 2 0.29767074074074074 0.1370054835924007 2 0.38939527777777777 0.19674620034542312 2 0.5353133333333333 0.18590202936096717 2 0.535761574074074 0.15453652849740931 2