5 0.45729166666666665 0.39375 0.6364583333333333 0.6927083333333334 0 0 0 0 0 0 0 0 0 0 0 0 0 0 0 0 0 0
10 0.325 0.46458333333333335 0.13125 0.17604166666666668 0.3703675925925926 0.5371516407599308 2 0.31557444444444444 0.3835748272884283 2 0 0 0 0 0 0 0 0 0 0 0 0
2 0.39166666666666666 0.6052083333333333 0.16354166666666667 0.17083333333333334 0.35794629629629626 0.6699910189982728 2 0.41609222222222214 0.5264024179620034 2 0 0 0 0 0 0 0 0 0 0 0 0
4 0.34375 0.6083333333333333 0.08645833333333333 0.171875 0.3600806481481481 0.681679706390328 2 0.32528574074074074 0.5241644645941278 2 0 0 0 0 0 0 0 0 0 0 0 0
8 0.490625 0.44479166666666664 0.21875 0.18020833333333333 0.4339735185185185 0.5237765112262521 2 0.4545764814814815 0.37027055267702935 2 0 0 0 0 0 0 0 0 0 0 0 0
6 0.40520833333333334 0.3020833333333333 0.26666666666666666 0.23958333333333334 0.2749565740740741 0.1954221502590673 2 0.5668401851851852 0.1915344559585492 2 0.532461574074074 0.42196273747841107 2 0.28112333333333334 0.4171052245250432 2 0 0 0 0 0 0
3 0.22083333333333333 0.35625 0.16354166666666667 0.121875 0.19561990740740737 0.39866183074265976 2 0.2239358333333333 0.30760885146804834 2 0 0 0 0 0 0 0 0 0 0 0 0
9 0.23333333333333334 0.24375 0.121875 0.13020833333333334 0.2370334259259259 0.29625768566493954 2 0.25917074074074076 0.19030077720207253 2 0 0 0 0 0 0 0 0 0 0 0 0
7 0.5291666666666667 0.2520833333333333 0.13333333333333333 0.12083333333333333 0.4966227777777778 0.1996568652849741 2 0.5390082407407407 0.28774861830742654 2 0 0 0 0 0 0 0 0 0 0 0 0
1 0.6052083333333333 0.2635416666666667 0.2 0.07083333333333333 0.6532299074074074 0.24678864421416233 2 0.5571108333333333 0.2890220207253886 2 0 0 0 0 0 0 0 0 0 0 0 0
0 0.43645833333333334 0.14479166666666668 0.3145833333333333 0.14895833333333333 0.5214481481481481 0.08014054404145078 2 0.3852718518518518 0.0737481865284974 2 0.31123398148148146 0.11548402417962003 2 0.3542931481481481 0.19366804835924004 2 0.49529796296296286 0.19804486183074266 2 0.540780462962963 0.13063000863557858 2