5 0.746875 0.2833333333333333 0.38229166666666664 0.36354166666666665 0 0 0 0 0 0 0 0 0 0 0 0 0 0 0 0 0 0
8 0.6916666666666667 0.296875 0.2677083333333333 0.058333333333333334 0.7905213888888889 0.2788407167530224 2 0.5956049074074073 0.3271174438687392 2 0 0 0 0 0 0 0 0 0 0 0 0
2 0.7072916666666667 0.33958333333333335 0.2604166666666667 0.053125 0.7601912727807172 0.36087234635866433 2 0.6251202777777778 0.32239158031088083 2 0 0 0 0 0 0 0 0 0 0 0 0
0 0.8270833333333333 0.159375 0.14479166666666668 0.08020833333333334 0.837536574074074 0.12369581174438686 2 0.7980338888888888 0.13775949913644212 2 0.787705648148148 0.16339183937823834 2 0.7976684259259259 0.1726557858376511 2 0.8509800925925926 0.18018100172711568 2 0.8809282407407407 0.14221411917098445 2
10 0.7885416666666667 0.31979166666666664 0.07604166666666666 0.09583333333333334 0.7798839814814814 0.36184542314335055 2 0.7812325925925925 0.27791187392055267 2 0 0 0 0 0 0 0 0 0 0 0 0
4 0.7875 0.40625 0.05625 0.06875 0.7753604056437389 0.4335803328124571 2 0.7772744444444444 0.37745177029360966 2 0 0 0 0 0 0 0 0 0 0 0 0
7 0.84375 0.23125 0.052083333333333336 0.05416666666666667 0.834082037037037 0.2516253886010363 2 0.8356922222222222 0.2030014248704663 2 0 0 0 0 0 0 0 0 0 0 0 0
1 0.83125 0.284375 0.04479166666666667 0.0625 0.8385414814814814 0.30946243523316064 2 0.845525185185185 0.25292590673575127 2 0 0 0 0 0 0 0 0 0 0 0 0
6 0.7864583333333334 0.228125 0.15208333333333332 0.075 0.7539244444444443 0.1972136010362694 2 0.853605 0.19378134715025905 2 0.8038057407407406 0.2589036701208981 2 0.7194721296296296 0.25278683074265973 2 0 0 0 0 0 0
3 0.76875 0.134375 0.13020833333333334 0.03229166666666667 0.7393084259259258 0.14718436960276338 2 0.8320085185185185 0.12691865284974094 2 0 0 0 0 0 0 0 0 0 0 0 0
9 0.7614583333333333 0.16770833333333332 0.10625 0.051041666666666666 0.7820157407407408 0.1874036701208981 2 0.7551766666666666 0.14845777202072535 2 0 0 0 0 0 0 0 0 0 0 0 0