5 0.4270833333333333 0.321875 0.7333333333333333 0.5645833333333333 0 0 0 0 0 0 0 0 0 0 0 0 0 0 0 0 0 0
4 0.284375 0.47604166666666664 0.08541666666666667 0.15729166666666666 0.29089620370370367 0.5449929188255613 2 0.31476453703703705 0.40281765975820377 2 0 0 0 0 0 0 0 0 0 0 0 0
10 0.2875 0.31979166666666664 0.15520833333333334 0.14166666666666666 0.2931908333333333 0.3851275906735751 2 0.32444259259259256 0.25779667530224526 2 0 0 0 0 0 0 0 0 0 0 0 0
8 0.49166666666666664 0.3375 0.2125 0.15104166666666666 0.41852111111111107 0.2679020293609672 2 0.5604456481481481 0.4048427461139896 2 0 0 0 0 0 0 0 0 0 0 0 0
9 0.22604166666666667 0.16979166666666667 0.22083333333333333 0.07916666666666666 0.312505 0.13760155440414507 2 0.1725446296296296 0.19663156303972365 2 0 0 0 0 0 0 0 0 0 0 0 0
6 0.42083333333333334 0.18541666666666667 0.25625 0.11666666666666667 0.3299056481481481 0.12534231433506043 2 0.5409022222222222 0.1232254749568221 2 0.49896425925925925 0.23391943005181345 2 0.3370719444444444 0.2431284542314335 2 0 0 0 0 0 0
7 0.6010416666666667 0.15625 0.17916666666666667 0.046875 0.5292998148148148 0.1370018134715026 2 0.6620574074074075 0.1695417530224525 2 0 0 0 0 0 0 0 0 0 0 0 0
1 0.65625 0.13125 0.11979166666666667 0.07083333333333333 0.6794745370370371 0.1632901986183074 2 0.6067527777777778 0.09754779792746113 2 0 0 0 0 0 0 0 0 0 0 0 0
3 0.1875 0.14270833333333333 0.125 0.1 0.24052166666666663 0.10736943005181347 2 0.17357472222222223 0.18046511226252157 2 0 0 0 0 0 0 0 0 0 0 0 0
0 0.3875 0.08229166666666667 0.28020833333333334 0.11666666666666667 0.3650277777777778 0.03310841968911917 2 0.27388194444444447 0.05862720207253886 2 0.28339435185185186 0.10800349740932642 2 0.37350935185185186 0.1302417962003454 2 0.43624444444444443 0.09994136442141623 2 0.4303956481481481 0.0542924438687392 2
2 0.5875 0.49375 0.10416666666666667 0.1625 0.5813837962962963 0.5554053540587219 2 0.5647617592592592 0.4176920552677029 2 0 0 0 0 0 0 0 0 0 0 0 0