5 0.403125 0.3729166666666667 0.6864583333333333 0.6677083333333333 0 0 0 0 0 0 0 0 0 0 0 0 0 0 0 0 0 0
2 0.49270833333333336 0.58125 0.14166666666666666 0.165625 0.4681712962962962 0.6450793609671847 2 0.48216870370370374 0.5003913212435234 2 0 0 0 0 0 0 0 0 0 0 0 0
10 0.2864583333333333 0.4041666666666667 0.16979166666666667 0.18229166666666666 0.24974685185185186 0.482706908462867 2 0.3294633333333333 0.32493894645941274 2 0 0 0 0 0 0 0 0 0 0 0 0
8 0.4791666666666667 0.41354166666666664 0.09583333333333334 0.15729166666666666 0.4811016666666666 0.48449473229706386 2 0.47298175925925917 0.3543201640759931 2 0 0 0 0 0 0 0 0 0 0 0 0
6 0.396875 0.21770833333333334 0.3333333333333333 0.1625 0.2927155555555555 0.159893091537133 2 0.530743611111111 0.14728553540587216 2 0.4956415740740741 0.2829248272884283 2 0.28106907407407405 0.29618177892918823 2 0 0 0 0 0 0
3 0.22604166666666667 0.25729166666666664 0.20520833333333333 0.065625 0.2755714814814815 0.2777974525043178 2 0.15681064814814816 0.24275755613126077 2 0 0 0 0 0 0 0 0 0 0 0 0
7 0.5989583333333334 0.19583333333333333 0.21875 0.08020833333333334 0.6711154629629629 0.22109274611398963 2 0.5331212037037036 0.1648942573402418 2 0 0 0 0 0 0 0 0 0 0 0 0
1 0.609375 0.2520833333333333 0.23333333333333334 0.057291666666666664 0.6763960185185185 0.23789162348877374 2 0.5224609259259259 0.2584939119170985 2 0 0 0 0 0 0 0 0 0 0 0 0
0 0.4239583333333333 0.10416666666666667 0.209375 0.08125 0.42382612286890065 0.06750780825931409 2 0.3583261111111111 0.08948445595854922 2 0.35121888888888886 0.13586701208981003 2 0.4416232407407407 0.1403449913644214 2 0.4871962037037037 0.11670677892918824 2 0.48164425925925924 0.08946761658031087 2
9 0.21145833333333333 0.19479166666666667 0.196875 0.09895833333333333 0.26933898148148144 0.1529048359240069 2 0.16031898148148147 0.23115354058721932 2 0 0 0 0 0 0 0 0 0 0 0 0
4 0.18333333333333332 0.5791666666666667 0.115625 0.15208333333333332 0.1555085185185185 0.6488490500863558 2 0.22681564814814814 0.5124253886010363 2 0 0 0 0 0 0 0 0 0 0 0 0