5 0.48541666666666666 0.38645833333333335 0.6197916666666666 0.6739583333333333 0 0 0 0 0 0 0 0 0 0 0 0 0 0 0 0 0 0
4 0.4583333333333333 0.603125 0.09583333333333334 0.12395833333333334 0.49322249999999995 0.6549734455958549 2 0.4642141666666666 0.5558710276338515 2 0 0 0 0 0 0 0 0 0 0 0 0
2 0.559375 0.5927083333333333 0.10729166666666666 0.11666666666666667 0.5682407407407408 0.6391900690846286 2 0.5762821296296295 0.5386893350604489 2 0 0 0 0 0 0 0 0 0 0 0 0
8 0.6020833333333333 0.47708333333333336 0.12395833333333334 0.15104166666666666 0.5649138888888888 0.5419657167530224 2 0.6038309259259259 0.41826049222797923 2 0 0 0 0 0 0 0 0 0 0 0 0
10 0.440625 0.46979166666666666 0.11145833333333334 0.14479166666666668 0.461774537037037 0.5233835060449049 2 0.4251731481481481 0.4080996977547496 2 0 0 0 0 0 0 0 0 0 0 0 0
6 0.5229166666666667 0.28020833333333334 0.221875 0.1625 0.4265255555555555 0.2131947322970639 2 0.636938611111111 0.20864926597582037 2 0.5959410185185184 0.34401869602763385 2 0.44193351851851853 0.34198626943005184 2 0 0 0 0 0 0
9 0.34375 0.24375 0.16145833333333334 0.08958333333333333 0.4074380555555555 0.21781489637305695 2 0.27828583333333334 0.2784733160621762 2 0 0 0 0 0 0 0 0 0 0 0 0
3 0.3416666666666667 0.3125 0.15729166666666666 0.05520833333333333 0.2874574074074074 0.28769892055267704 2 0.40470259259259256 0.3383860967184801 2 0 0 0 0 0 0 0 0 0 0 0 0
0 0.5291666666666667 0.146875 0.253125 0.13229166666666667 0.6040877777777778 0.1040419689119171 2 0.5001986111111111 0.08568100172711571 2 0.4028135185185185 0.12682353195164076 2 0.46400277777777776 0.19836437823834194 2 0.5861510185185185 0.1994727115716753 2 0.6282797222222222 0.15427050949913645 2
7 0.684375 0.2875 0.08229166666666667 0.13854166666666667 0.6764516666666667 0.3417189550949914 2 0.6751393518518518 0.22501722797927462 2 0 0 0 0 0 0 0 0 0 0 0 0
1 0.671875 0.3927083333333333 0.075 0.09583333333333334 0.6778144444444443 0.42220941278065627 2 0.6742461111111111 0.34956001727115715 2 0 0 0 0 0 0 0 0 0 0 0 0