5 0.465625 0.453125 0.6166666666666667 0.7729166666666667 0 0 0 0 0 0 0 0 0 0 0 0 0 0 0 0 0 0
2 0.4895833333333333 0.6697916666666667 0.13333333333333333 0.14166666666666666 0.4657840740740741 0.7280028929188255 2 0.49864361111111116 0.6051483160621761 2 0 0 0 0 0 0 0 0 0 0 0 0
4 0.4979166666666667 0.696875 0.15 0.18020833333333333 0.5335105555555555 0.7701687823834197 2 0.4859088888888889 0.6167066925734024 2 0 0 0 0 0 0 0 0 0 0 0 0
8 0.5322916666666667 0.490625 0.14375 0.159375 0.5009223148148148 0.5527360535405872 2 0.5640552777777778 0.42702262521588946 2 0 0 0 0 0 0 0 0 0 0 0 0
10 0.4239583333333333 0.5125 0.19583333333333333 0.19166666666666668 0.4588577777777777 0.6027279792746113 2 0.35352564814814813 0.42768506044905 2 0 0 0 0 0 0 0 0 0 0 0 0
6 0.44479166666666664 0.29270833333333335 0.22708333333333333 0.1625 0.3504998148148148 0.21834460276338513 2 0.5816695370370369 0.22246735751295338 2 0.5321723148148148 0.36833609671848017 2 0.36731407407407407 0.36479417098445593 2 0 0 0 0 0 0
3 0.228125 0.3572916666666667 0.13645833333333332 0.11458333333333333 0.20945453703703704 0.40756727115716745 2 0.2401547222222222 0.31361135578583765 2 0 0 0 0 0 0 0 0 0 0 0 0
9 0.2916666666666667 0.259375 0.153125 0.08854166666666667 0.2545391666666667 0.284181390328152 2 0.34233453703703703 0.22908419689119167 2 0 0 0 0 0 0 0 0 0 0 0 0
7 0.5979166666666667 0.2677083333333333 0.18333333333333332 0.046875 0.5460553703703702 0.25194050086355785 2 0.6411313888888889 0.2755626511226252 2 0 0 0 0 0 0 0 0 0 0 0 0
1 0.6239583333333333 0.21458333333333332 0.16770833333333332 0.134375 0.6320349074074074 0.2646417098445596 2 0.5973307407407408 0.16938044041450775 2 0 0 0 0 0 0 0 0 0 0 0 0
0 0.49583333333333335 0.15104166666666666 0.34270833333333334 0.146875 0.5720848148148148 0.09387819516407599 2 0.4392903703703704 0.09319507772020726 2 0.35467305555555556 0.14346528497409325 2 0.38946759259259256 0.20144343696027633 2 0.5490993518518519 0.1955486183074266 2 0.5927638888888889 0.1609963298791019 2