5 0.49270833333333336 0.3458333333333333 0.615625 0.5177083333333333 0 0 0 0 0 0 0 0 0 0 0 0 0 0 0 0 0 0
4 0.3614583333333333 0.4895833333333333 0.06666666666666667 0.115625 0.34927407407407407 0.5327734455958548 2 0.36015685185185187 0.44064684801381687 2 0 0 0 0 0 0 0 0 0 0 0 0
10 0.3927083333333333 0.390625 0.13541666666666666 0.115625 0.3671478703703704 0.43909486183074264 2 0.3961955555555556 0.34190207253886007 2 0 0 0 0 0 0 0 0 0 0 0 0
8 0.5354166666666667 0.4010416666666667 0.09895833333333333 0.10625 0.5064378703703704 0.3526071675302245 2 0.5703008333333333 0.4485699913644214 2 0 0 0 0 0 0 0 0 0 0 0 0
2 0.6041666666666666 0.5010416666666667 0.13020833333333334 0.1125 0.642142037037037 0.5440082901554404 2 0.5794580555555555 0.4563318652849741 2 0 0 0 0 0 0 0 0 0 0 0 0
9 0.32916666666666666 0.20729166666666668 0.18020833333333333 0.027083333333333334 0.26363611111111107 0.2026981433506045 2 0.3872602777777778 0.21150012953367875 2 0 0 0 0 0 0 0 0 0 0 0 0
6 0.4666666666666667 0.26979166666666665 0.2 0.121875 0.3731028703703704 0.2112027633851468 2 0.5418492592592592 0.21062089810017268 2 0.5400046296296297 0.3199908031088083 2 0.37874518518518513 0.3238532383419689 2 0 0 0 0 0 0
7 0.628125 0.19583333333333333 0.153125 0.059375 0.667882037037037 0.1703644645941278 2 0.5776957407407406 0.21969158031088082 2 0 0 0 0 0 0 0 0 0 0 0 0
1 0.5979166666666667 0.16354166666666667 0.20833333333333334 0.022916666666666665 0.5185721296296296 0.16114106217616578 2 0.674257037037037 0.1688465457685665 2 0 0 0 0 0 0 0 0 0 0 0 0
3 0.31979166666666664 0.17291666666666666 0.1375 0.04479166666666667 0.26055435185185183 0.18782215025906737 2 0.37529435185185184 0.1610247841105354 2 0 0 0 0 0 0 0 0 0 0 0 0
0 0.42916666666666664 0.15729166666666666 0.19791666666666666 0.103125 0.42879074074074075 0.11312098445595856 2 0.35412953703703703 0.14190850604490501 2 0.34341925925925926 0.18127379101899826 2 0.42291870370370366 0.20384943868739205 2 0.5109166666666666 0.18063130397236613 2 0.5009613888888889 0.13626476683937824 2