5 0.44375 0.3854166666666667 0.5635416666666667 0.6885416666666667 0 0 0 0 0 0 0 0 0 0 0 0 0 0 0 0 0 0
2 0.5802083333333333 0.58125 0.065625 0.121875 0.5719762037037036 0.6297816062176165 2 0.590125462962963 0.5232186528497409 2 0 0 0 0 0 0 0 0 0 0 0 0
10 0.384375 0.434375 0.09895833333333333 0.13125 0.35196037037037037 0.4909376943005181 2 0.39760249999999997 0.3778378670120898 2 0 0 0 0 0 0 0 0 0 0 0 0
8 0.5947916666666667 0.44375 0.07291666666666667 0.11458333333333333 0.5868819444444444 0.4937717184801381 2 0.5966264814814813 0.39259434369602764 2 0 0 0 0 0 0 0 0 0 0 0 0
6 0.490625 0.24583333333333332 0.240625 0.17395833333333333 0.39964916666666667 0.16801429188255612 2 0.615577962962963 0.16861303972366146 2 0.5910915740740741 0.3218945595854922 2 0.3760850925925926 0.327384585492228 2 0 0 0 0 0 0
3 0.353125 0.33125 0.08125 0.09270833333333334 0.35145398148148144 0.36212927461139893 2 0.36161046296296295 0.2899906735751295 2 0 0 0 0 0 0 0 0 0 0 0 0
7 0.61875 0.25 0.07395833333333333 0.09479166666666666 0.6073347222222222 0.20859762521588945 2 0.6237521296296296 0.2794250431778929 2 0 0 0 0 0 0 0 0 0 0 0 0
1 0.6291666666666667 0.3385416666666667 0.075 0.075 0.6296115740740741 0.36694460276338514 2 0.6422478703703703 0.30831787564766844 2 0 0 0 0 0 0 0 0 0 0 0 0
0 0.4947916666666667 0.10520833333333333 0.16666666666666666 0.07395833333333333 0.44574657407407403 0.07394214162348876 2 0.4286205555555555 0.09881161485319516 2 0.43552879629629626 0.13539473229706392 2 0.5310691666666666 0.13553812607944732 2 0.5580874074074075 0.095328713298791 2 0.5161675 0.07487823834196891 2
9 0.33958333333333335 0.21979166666666666 0.1 0.12395833333333334 0.3424298148148148 0.16798056994818653 2 0.36234083333333333 0.268664335060449 2 0 0 0 0 0 0 0 0 0 0 0 0
4 0.309375 0.5739583333333333 0.14791666666666667 0.140625 0.2820637962962963 0.6235832037996545 2 0.35179305555555557 0.513002677029361 2 0 0 0 0 0 0 0 0 0 0 0 0