5 0.47291666666666665 0.3802083333333333 0.6395833333333333 0.6739583333333333 0 0 0 0 0 0 0 0 0 0 0 0 0 0 0 0 0 0
10 0.38333333333333336 0.43645833333333334 0.28541666666666665 0.18645833333333334 0.32543046296296296 0.5081582469775475 2 0.44930916666666665 0.35498635578583765 2 0 0 0 0 0 0 0 0 0 0 0 0
8 0.5375 0.4197916666666667 0.096875 0.175 0.516475 0.4904738773747841 2 0.5299117592592593 0.3522793177892919 2 0 0 0 0 0 0 0 0 0 0 0 0
2 0.509375 0.5458333333333333 0.07708333333333334 0.14479166666666668 0.4791124074074074 0.6070120034542315 2 0.5066200925925927 0.4853259930915372 2 0 0 0 0 0 0 0 0 0 0 0 0
6 0.4864583333333333 0.2375 0.3614583333333333 0.15729166666666666 0.3681640740740741 0.16388203799654574 2 0.6266999074074074 0.1852601468048359 2 0.5508536111111112 0.2971600604490501 2 0.3612376851851852 0.30843518998272884 2 0 0 0 0 0 0
3 0.32708333333333334 0.3145833333333333 0.051041666666666666 0.10520833333333333 0.31920935185185184 0.3513094991364421 2 0.34396712962962966 0.27380859240069083 2 0 0 0 0 0 0 0 0 0 0 0 0
7 0.6270833333333333 0.24166666666666667 0.134375 0.12916666666666668 0.6125759259259259 0.2923278497409326 2 0.6385175925925926 0.1869217616580311 2 0 0 0 0 0 0 0 0 0 0 0 0
1 0.6322916666666667 0.3458333333333333 0.09479166666666666 0.12083333333333333 0.6201533333333332 0.3027512089810017 2 0.6259585185185185 0.38007508635578585 2 0 0 0 0 0 0 0 0 0 0 0 0
0 0.503125 0.096875 0.209375 0.08125 0.5029276969429747 0.06033958718850233 2 0.41688370370370365 0.08014896373056994 2 0.43032046296296295 0.12869879101899825 2 0.5474684259259259 0.13570677892918823 2 0.5905812037037037 0.12734719343696027 2 0.5959148148148148 0.08212642487046631 2
9 0.334375 0.225 0.11666666666666667 0.10520833333333333 0.3522744444444444 0.1799837651122625 2 0.3312898148148148 0.26566208981001727 2 0 0 0 0 0 0 0 0 0 0 0 0
4 0.396875 0.5791666666666667 0.26458333333333334 0.13958333333333334 0.47853370370370374 0.6322103626943004 2 0.3388861111111111 0.5149670552677029 2 0 0 0 0 0 0 0 0 0 0 0 0