5 0.5229166666666667 0.37604166666666666 0.69375 0.675 0 0 0 0 0 0 0 0 0 0 0 0 0 0 0 0 0 0
4 0.28125 0.5604166666666667 0.2947916666666667 0.140625 0.22498916666666666 0.6125020293609672 2 0.3799421296296296 0.4987355354058722 2 0 0 0 0 0 0 0 0 0 0 0 0
10 0.4166666666666667 0.42083333333333334 0.19791666666666666 0.146875 0.3808593518518518 0.48596213298791013 2 0.4524628703703703 0.35607508635578583 2 0 0 0 0 0 0 0 0 0 0 0 0
8 0.6729166666666667 0.425 0.29270833333333335 0.15104166666666666 0.5850612962962962 0.3548006044905009 2 0.7825882407407406 0.47286541450777203 2 0 0 0 0 0 0 0 0 0 0 0 0
9 0.30625 0.21875 0.1375 0.11354166666666667 0.25702287037037036 0.26233100172711565 2 0.3613180555555555 0.17954727979274612 2 0 0 0 0 0 0 0 0 0 0 0 0
6 0.528125 0.23854166666666668 0.2 0.153125 0.43553083333333326 0.16439378238341967 2 0.6042772222222222 0.1638119170984456 2 0.6193569444444443 0.30823898963730567 2 0.4377735185185185 0.3120373488773748 2 0 0 0 0 0 0
7 0.6822916666666666 0.20520833333333333 0.16770833333333332 0.090625 0.6156061111111111 0.16424231433506042 2 0.7366405555555555 0.24307910189982723 2 0 0 0 0 0 0 0 0 0 0 0 0
1 0.696875 0.2677083333333333 0.109375 0.03854166666666667 0.7268470370370371 0.25300215889464595 2 0.6612955555555555 0.2766167962003454 2 0 0 0 0 0 0 0 0 0 0 0 0
3 0.32708333333333334 0.3020833333333333 0.15104166666666666 0.09479166666666666 0.3921260185185185 0.3085279792746114 2 0.2759910185185185 0.2632522452504317 2 0 0 0 0 0 0 0 0 0 0 0 0
0 0.48020833333333335 0.10625 0.19791666666666666 0.103125 0.4790825925925926 0.061728108808290154 2 0.3920550925925926 0.07876532815198618 2 0.3937111111111111 0.12988091537132987 2 0.4732105555555555 0.15245656303972366 2 0.5612085185185184 0.12923842832469773 2 0.5512532407407408 0.08487189119170985 2
2 0.734375 0.5625 0.134375 0.15833333333333333 0.7055302777777778 0.6102250863557859 2 0.7626123148148148 0.4878580742659758 2 0 0 0 0 0 0 0 0 0 0 0 0