5 0.4635416666666667 0.4791666666666667 0.621875 0.5916666666666667 0 0 0 0 0 0 0 0 0 0 0 0 0 0 0 0 0 0
10 0.44583333333333336 0.5197916666666667 0.10520833333333333 0.15833333333333333 0.4311162037037037 0.5876831606217616 2 0.4764865740740741 0.4458555267702936 2 0 0 0 0 0 0 0 0 0 0 0 0
4 0.4197916666666667 0.6541666666666667 0.06770833333333333 0.14895833333333333 0.4138636111111111 0.7091462867012089 2 0.42691629629629624 0.5853403713298791 2 0 0 0 0 0 0 0 0 0 0 0 0
8 0.5770833333333333 0.5020833333333333 0.11041666666666666 0.134375 0.5859375 0.5643232728842833 2 0.5706498148148147 0.4420709412780656 2 0 0 0 0 0 0 0 0 0 0 0 0
2 0.5666666666666667 0.6322916666666667 0.10208333333333333 0.1625 0.5934968518518517 0.6956616148531951 2 0.5943928703703704 0.5635139032815197 2 0 0 0 0 0 0 0 0 0 0 0 0
6 0.5083333333333333 0.3854166666666667 0.20625 0.15104166666666666 0.4080949074074074 0.3088878670120898 2 0.6125982407407408 0.33142772020725386 2 0.599924537037037 0.45183316062176165 2 0.4371526851851852 0.45901731433506043 2 0 0 0 0 0 0
3 0.6333333333333333 0.47291666666666665 0.052083333333333336 0.09583333333333334 0.6451461111111111 0.5031067789291882 2 0.6384103703703704 0.43225410189982727 2 0 0 0 0 0 0 0 0 0 0 0 0
7 0.6208333333333333 0.37604166666666666 0.051041666666666666 0.08125 0.623315 0.4114254317789292 2 0.6089978703703703 0.3442901122625216 2 0 0 0 0 0 0 0 0 0 0 0 0
1 0.3572916666666667 0.4375 0.078125 0.09479166666666666 0.34926574074074074 0.468345207253886 2 0.37040064814814816 0.39843847150259065 2 0 0 0 0 0 0 0 0 0 0 0 0
9 0.3802083333333333 0.36354166666666665 0.0875 0.10104166666666667 0.3883405555555556 0.32934093264248704 2 0.3845848148148148 0.40604926597582036 2 0 0 0 0 0 0 0 0 0 0 0 0
0 0.48125 0.27291666666666664 0.12291666666666666 0.06979166666666667 0.48086413286302165 0.24201028713298794 2 0.43882212962962963 0.25208346286701205 2 0.42726759259259256 0.2934488773747841 2 0.4818542592592593 0.3067781519861831 2 0.524967037037037 0.29841856649395504 2 0.5303006481481481 0.25319779792746117 2