5 0.7291666666666666 0.2875 0.32916666666666666 0.39375 0 0 0 0 0 0 0 0 0 0 0 0 0 0 0 0 0 0
10 0.6697916666666667 0.3 0.04791666666666667 0.08229166666666667 0.6714342592592593 0.3374791882556131 2 0.6716886111111111 0.26116550086355783 2 0 0 0 0 0 0 0 0 0 0 0 0
4 0.6833333333333333 0.39479166666666665 0.08645833333333333 0.10520833333333333 0.6866643518518517 0.4362102331606217 2 0.6683969444444444 0.35440526770293607 2 0 0 0 0 0 0 0 0 0 0 0 0
8 0.7666666666666667 0.303125 0.07916666666666666 0.08229166666666667 0.7541466666666666 0.3341464594127806 2 0.7769825925925925 0.27084291882556133 2 0 0 0 0 0 0 0 0 0 0 0 0
2 0.7385416666666667 0.3927083333333333 0.04375 0.096875 0.7249071296296297 0.4307668393782383 2 0.744895462962963 0.3516816925734024 2 0 0 0 0 0 0 0 0 0 0 0 0
3 0.678125 0.22604166666666667 0.11145833333333334 0.03333333333333333 0.6324071296296296 0.23791787564766836 2 0.7004263888888889 0.21789278929188255 2 0 0 0 0 0 0 0 0 0 0 0 0
9 0.6520833333333333 0.20104166666666667 0.058333333333333334 0.04479166666666667 0.6437424074074074 0.2189257340241796 2 0.6636585185185185 0.18405669257340243 2 0 0 0 0 0 0 0 0 0 0 0 0
6 0.734375 0.21041666666666667 0.15104166666666666 0.06770833333333333 0.6646568518518517 0.18514550949913644 2 0.7971962037037037 0.17562715889464592 2 0.8018017592592592 0.24025781519861827 2 0.6697508333333333 0.23325177029360963 2 0 0 0 0 0 0
0 0.7239583333333334 0.140625 0.12604166666666666 0.057291666666666664 0.7516182407407407 0.12303860103626943 2 0.7078555144032921 0.11828593225982581 2 0.681629537037037 0.13100349740932643 2 0.700689074074074 0.16391450777202068 2 0.7512919444444445 0.17147037996545766 2 0.7711562037037037 0.14474261658031087 2
7 0.8083333333333333 0.2125 0.057291666666666664 0.06145833333333333 0.805293611111111 0.24185531088082898 2 0.8087463888888888 0.17902081174438686 2 0 0 0 0 0 0 0 0 0 0 0 0
1 0.7770833333333333 0.22708333333333333 0.10416666666666667 0.03229166666666667 0.8142449999999999 0.23507901554404143 2 0.7281534259259259 0.22281178756476683 2 0 0 0 0 0 0 0 0 0 0 0 0