5 0.5145833333333333 0.384375 0.546875 0.6052083333333333 0 0 0 0 0 0 0 0 0 0 0 0 0 0 0 0 0 0
4 0.496875 0.5697916666666667 0.08854166666666667 0.10416666666666667 0.5057333333333333 0.613308462867012 2 0.484124537037037 0.5261018566493955 2 0 0 0 0 0 0 0 0 0 0 0 0
10 0.4635416666666667 0.4375 0.08541666666666667 0.146875 0.4752632407407408 0.5011843696027634 2 0.4434446296296296 0.37295358376511223 2 0 0 0 0 0 0 0 0 0 0 0 0
8 0.58125 0.43645833333333334 0.16354166666666667 0.1375 0.5849919444444445 0.37250980138169254 2 0.5325954629629629 0.49883704663212425 2 0 0 0 0 0 0 0 0 0 0 0 0
9 0.3854166666666667 0.24583333333333332 0.078125 0.11458333333333333 0.3683187962962962 0.2905499136442141 2 0.3933889814814815 0.2063720207253886 2 0 0 0 0 0 0 0 0 0 0 0 0
6 0.50625 0.28125 0.2 0.153125 0.41333305555555555 0.20755505181347148 2 0.5820794444444444 0.20697318652849742 2 0.5971591666666666 0.3514002590673575 2 0.41557574074074066 0.35519861830742655 2 0 0 0 0 0 0
7 0.615625 0.2625 0.05625 0.096875 0.6264150925925925 0.21741744386873918 2 0.6268729629629629 0.2988518566493955 2 0 0 0 0 0 0 0 0 0 0 0 0
1 0.6364583333333333 0.35625 0.04375 0.11145833333333334 0.6228461111111111 0.30939702072538855 2 0.6405718518518518 0.4073025474956822 2 0 0 0 0 0 0 0 0 0 0 0 0
3 0.36354166666666665 0.32916666666666666 0.053125 0.090625 0.35921240740740745 0.36667806563039723 2 0.37516833333333327 0.29525189982728844 2 0 0 0 0 0 0 0 0 0 0 0 0
0 0.5197916666666667 0.14479166666666668 0.19791666666666666 0.103125 0.5186253703703704 0.10051377374784108 2 0.4439641666666666 0.12930129533678755 2 0.4332538888888889 0.1686665803108808 2 0.5127533333333333 0.1912422279792746 2 0.6007512962962963 0.1680240932642487 2 0.5907960185185186 0.12365755613126078 2
2 0.5197916666666667 0.5635416666666667 0.09375 0.12916666666666668 0.49182953703703697 0.6181390328151986 2 0.5316024074074074 0.5034766407599308 2 0 0 0 0 0 0 0 0 0 0 0 0