5 0.4583333333333333 0.39479166666666665 0.6010416666666667 0.621875 0 0 0 0 0 0 0 0 0 0 0 0 0 0 0 0 0 0
10 0.41458333333333336 0.43645833333333334 0.19583333333333333 0.15104166666666666 0.38617620370370365 0.495972322970639 2 0.47119148148148143 0.37316830742659757 2 0 0 0 0 0 0 0 0 0 0 0 0
8 0.6270833333333333 0.425 0.13854166666666667 0.15416666666666667 0.5956488888888888 0.48677171848013817 2 0.5989402777777778 0.3674674870466321 2 0 0 0 0 0 0 0 0 0 0 0 0
2 0.6104166666666667 0.5697916666666667 0.14166666666666666 0.16041666666666668 0.5858832407407407 0.6302791450777202 2 0.605054074074074 0.5016357512953368 2 0 0 0 0 0 0 0 0 0 0 0 0
6 0.5197916666666667 0.2875 0.30104166666666665 0.13541666666666666 0.4318214814814815 0.21579667530224525 2 0.650716111111111 0.23590142487046634 2 0.6187427777777778 0.34194866148531944 2 0.4383680555555555 0.3560995250431779 2 0 0 0 0 0 0
3 0.4041666666666667 0.34791666666666665 0.06666666666666667 0.09270833333333334 0.39603222222222223 0.3808003454231433 2 0.38165509259259256 0.32018264248704664 2 0 0 0 0 0 0 0 0 0 0 0 0
7 0.6270833333333333 0.271875 0.1375 0.078125 0.6328125 0.3029620466321244 2 0.6022039814814815 0.2427831174438687 2 0 0 0 0 0 0 0 0 0 0 0 0
1 0.6645833333333333 0.34479166666666666 0.065625 0.053125 0.6475332407407407 0.3330854058721934 2 0.6631401851851851 0.36198592400690843 2 0 0 0 0 0 0 0 0 0 0 0 0
0 0.521875 0.16354166666666667 0.209375 0.08125 0.5210483450911229 0.1271810379657044 2 0.45554833333333333 0.14915768566493956 2 0.44844111111111107 0.19554024179620033 2 0.5388454629629629 0.20001822107081174 2 0.5844184259259259 0.17638000863557857 2 0.5788664814814815 0.14914084628670118 2
9 0.41770833333333335 0.2677083333333333 0.10729166666666666 0.09895833333333333 0.43074305555555553 0.22529525043177892 2 0.3969002777777778 0.3034006044905009 2 0 0 0 0 0 0 0 0 0 0 0 0
4 0.346875 0.575 0.17604166666666668 0.16354166666666667 0.3078523148148148 0.6401797495682211 2 0.36689814814814814 0.5022381260794473 2 0 0 0 0 0 0 0 0 0 0 0 0