5 0.48854166666666665 0.309375 0.5145833333333333 0.5927083333333333 0 0 0 0 0 0 0 0 0 0 0 0 0 0 0 0 0 0
2 0.5489583333333333 0.4979166666666667 0.1 0.13854166666666667 0.506510462962963 0.5414355785837651 2 0.5582682407407408 0.437184542314335 2 0 0 0 0 0 0 0 0 0 0 0 0
10 0.43125 0.36875 0.11875 0.15520833333333334 0.44869435185185186 0.432377677029361 2 0.4450592592592592 0.3033500863557858 2 0 0 0 0 0 0 0 0 0 0 0 0
4 0.41354166666666664 0.48333333333333334 0.171875 0.14479166666666668 0.38201675925925926 0.545314853195164 2 0.43203833333333336 0.4190447754749568 2 0 0 0 0 0 0 0 0 0 0 0 0
8 0.5635416666666667 0.3489583333333333 0.11041666666666666 0.153125 0.552445 0.411944127806563 2 0.5750144444444444 0.27939978411053534 2 0 0 0 0 0 0 0 0 0 0 0 0
9 0.35104166666666664 0.215625 0.08125 0.11458333333333333 0.3602430555555555 0.27440729706390327 2 0.3810038888888888 0.16309127806563037 2 0 0 0 0 0 0 0 0 0 0 0 0
6 0.49895833333333334 0.2125 0.25625 0.17395833333333333 0.38718888888888886 0.12998907599309154 2 0.6252893518518517 0.13715729706390328 2 0.6084164814814813 0.2952541450777202 2 0.4115849074074074 0.29518670120898094 2 0 0 0 0 0 0
0 0.490625 0.08125 0.278125 0.12291666666666666 0.5544523148148148 0.03608562176165802 2 0.4546937071330589 0.033209156711763575 2 0.40541805555555555 0.0660993091537133 2 0.42903648148148144 0.12493760794473228 2 0.5333839814814815 0.13391895509499135 2 0.5808013888888888 0.08294041450777202 2
3 0.3416666666666667 0.309375 0.07604166666666666 0.090625 0.31844981481481477 0.3472362694300518 2 0.3511647222222222 0.26926312607944725 2 0 0 0 0 0 0 0 0 0 0 0 0
1 0.646875 0.3260416666666667 0.09479166666666666 0.10833333333333334 0.6298827777777778 0.2727123056994819 2 0.6434280555555555 0.3631243955094991 2 0 0 0 0 0 0 0 0 0 0 0 0
7 0.6395833333333333 0.20833333333333334 0.09479166666666666 0.1125 0.6310221296296297 0.1637385578583765 2 0.6461950925925926 0.2541929620034542 2 0 0 0 0 0 0 0 0 0 0 0 0