5 0.5041666666666667 0.409375 0.665625 0.753125 0 0 0 0 0 0 0 0 0 0 0 0 0 0 0 0 0 0
4 0.4354166666666667 0.6614583333333334 0.13854166666666667 0.171875 0.45085888888888886 0.7416502590673575 2 0.4107192592592593 0.5853050086355785 2 0 0 0 0 0 0 0 0 0 0 0 0
2 0.559375 0.68125 0.08958333333333333 0.14479166666666668 0.5361833333333333 0.7393589378238341 2 0.5341076851851853 0.6162380397236614 2 0 0 0 0 0 0 0 0 0 0 0 0
8 0.6 0.5302083333333333 0.16145833333333334 0.16875 0.5549744444444443 0.5974756908462866 2 0.6493762962962962 0.45565893782383415 2 0 0 0 0 0 0 0 0 0 0 0 0
10 0.41875 0.49895833333333334 0.096875 0.15416666666666667 0.41772620370370367 0.5702894214162347 2 0.41085796296296295 0.4331098877374784 2 0 0 0 0 0 0 0 0 0 0 0 0
6 0.49375 0.31875 0.36041666666666666 0.2375 0.32738981481481483 0.22397461139896369 2 0.5615844444444444 0.20516191709844556 2 0.6205806481481481 0.432295207253886 2 0.3759763888888889 0.4306479706390328 2 0 0 0 0 0 0
9 0.25625 0.30520833333333336 0.1 0.16979166666666667 0.2860960185185185 0.23877370466321243 2 0.24650768518518518 0.3746418393782383 2 0 0 0 0 0 0 0 0 0 0 0 0
3 0.290625 0.45625 0.14479166666666668 0.121875 0.23114740740740738 0.40610038860103626 2 0.2952797222222222 0.4948284110535406 2 0 0 0 0 0 0 0 0 0 0 0 0
7 0.7010416666666667 0.259375 0.13125 0.14895833333333333 0.6757449074074073 0.19424455958549222 2 0.7396073148148148 0.3299823834196891 2 0 0 0 0 0 0 0 0 0 0 0 0
1 0.6572916666666667 0.2635416666666667 0.2 0.125 0.5815071296296296 0.2119775906735751 2 0.7175050925925925 0.314346243523316 2 0 0 0 0 0 0 0 0 0 0 0 0
0 0.46458333333333335 0.11875 0.33645833333333336 0.17395833333333333 0.5079771296296296 0.038125949913644215 2 0.3743156481481481 0.058347020725388596 2 0.2969087037037037 0.10059723661485319 2 0.36251962962962964 0.1849945595854922 2 0.5744821296296296 0.1917280224525043 2 0.609762037037037 0.07299460276338514 2