5 0.484375 0.3802083333333333 0.8125 0.6791666666666667 0 0 0 0 0 0 0 0 0 0 0 0 0 0 0 0 0 0
10 0.21979166666666666 0.41041666666666665 0.28541666666666665 0.18645833333333334 0.16272425925925924 0.48248765112262515 2 0.28660296296296295 0.3293157599309154 2 0 0 0 0 0 0 0 0 0 0 0 0
4 0.18125 0.56875 0.18229166666666666 0.15729166666666666 0.16409546296296293 0.6365036269430051 2 0.16480481481481482 0.49519969775474953 2 0 0 0 0 0 0 0 0 0 0 0 0
8 0.46458333333333335 0.41458333333333336 0.22708333333333333 0.17708333333333334 0.5353551851851851 0.4864681347150259 2 0.3927409259259259 0.3458363557858376 2 0 0 0 0 0 0 0 0 0 0 0 0
2 0.646875 0.5489583333333333 0.278125 0.165625 0.6808268518518518 0.6206906303972366 2 0.5439284259259259 0.47884088946459413 2 0 0 0 0 0 0 0 0 0 0 0 0
6 0.4239583333333333 0.25416666666666665 0.28854166666666664 0.16770833333333332 0.3668619444444444 0.19003333333333333 2 0.566767962962963 0.15814745250431778 2 0.47661675925925917 0.33847422279792744 2 0.3104022222222222 0.3263810449050086 2 0 0 0 0 0 0
3 0.24583333333333332 0.209375 0.14270833333333333 0.059375 0.17333981481481478 0.2275778497409326 2 0.3177084259259259 0.19291748704663209 2 0 0 0 0 0 0 0 0 0 0 0 0
7 0.675 0.13333333333333333 0.24479166666666666 0.11666666666666667 0.5801324074074075 0.17390906735751294 2 0.751328611111111 0.0840369170984456 2 0 0 0 0 0 0 0 0 0 0 0 0
1 0.6520833333333333 0.07604166666666666 0.3333333333333333 0.03125 0.5198387037037037 0.07707081174438687 2 0.7500723148148147 0.0780153713298791 2 0 0 0 0 0 0 0 0 0 0 0 0
0 0.409375 0.12395833333333334 0.209375 0.08125 0.40915964138741917 0.08807633157537627 2 0.32311564814814814 0.10788570811744386 2 0.33655240740740744 0.15643553540587218 2 0.45370037037037036 0.16344352331606216 2 0.4968131481481482 0.15508393782383417 2 0.5021467592592592 0.10986316925734023 2
9 0.29375 0.20625 0.28958333333333336 0.05625 0.3537935185185185 0.18560025906735747 2 0.19965277777777776 0.22379978411053536 2 0 0 0 0 0 0 0 0 0 0 0 0