5 0.7177083333333333 0.2625 0.315625 0.446875 0 0 0 0 0 0 0 0 0 0 0 0 0 0 0 0 0 0
2 0.78125 0.36666666666666664 0.096875 0.12083333333333333 0.7552962037037038 0.4195710276338514 2 0.7812556481481481 0.31484231433506044 2 0 0 0 0 0 0 0 0 0 0 0 0
4 0.6510416666666666 0.3625 0.10104166666666667 0.10625 0.6314901851851852 0.41264486183074267 2 0.6735321296296296 0.3180371761658031 2 0 0 0 0 0 0 0 0 0 0 0 0
3 0.6604166666666667 0.18020833333333333 0.203125 0.04791666666666667 0.6109454629629629 0.1658761658031088 2 0.7290706481481481 0.1917958981001727 2 0 0 0 0 0 0 0 0 0 0 0 0
10 0.6833333333333333 0.26875 0.075 0.08541666666666667 0.6819873148148148 0.2998892055267703 2 0.67333 0.2301294473229706 2 0 0 0 0 0 0 0 0 0 0 0 0
8 0.7760416666666666 0.26979166666666665 0.071875 0.08541666666666667 0.7861067592592593 0.23489581174438684 2 0.7817340740740739 0.30220397236614854 2 0 0 0 0 0 0 0 0 0 0 0 0
9 0.7375 0.153125 0.11875 0.041666666666666664 0.7713054629629629 0.13410008635578582 2 0.695644537037037 0.1646699481865285 2 0 0 0 0 0 0 0 0 0 0 0 0
6 0.73125 0.15208333333333332 0.17083333333333334 0.09479166666666666 0.6655015740740741 0.10539801381692572 2 0.7891358333333333 0.11087396373056996 2 0.7887618518518519 0.1926085492227979 2 0.6601897222222222 0.19024550949913646 2 0 0 0 0 0 0
0 0.7333333333333333 0.084375 0.13958333333333334 0.07291666666666667 0.7673789814814815 0.05916545768566493 2 0.7134476851851852 0.05423130397236615 2 0.6826175925925925 0.07515608808290156 2 0.7062449074074074 0.10580211571675302 2 0.726055648148148 0.10960975820379965 2 0.7759138888888888 0.09328544905008634 2
1 0.771875 0.20104166666666667 0.12604166666666666 0.04583333333333333 0.7515149999999999 0.2051265112262521 2 0.8091293518518518 0.183343609671848 2 0 0 0 0 0 0 0 0 0 0 0 0
7 0.8020833333333334 0.15729166666666666 0.051041666666666666 0.06666666666666667 0.8085759259259259 0.17972193436960276 2 0.7832144444444444 0.12130431778929188 2 0 0 0 0 0 0 0 0 0 0 0 0