5 0.2625 0.29791666666666666 0.4041666666666667 0.40208333333333335 0 0 0 0 0 0 0 0 0 0 0 0 0 0 0 0 0 0
2 0.2791666666666667 0.39479166666666665 0.05520833333333333 0.09583333333333334 0.27606796296296293 0.435232944732297 2 0.283169537037037 0.3501111830742659 2 0 0 0 0 0 0 0 0 0 0 0 0
10 0.196875 0.3 0.07708333333333334 0.09270833333333334 0.18332333333333334 0.34238402417962005 2 0.18144842592592594 0.25860414507772017 2 0 0 0 0 0 0 0 0 0 0 0 0
8 0.27708333333333335 0.30416666666666664 0.07083333333333333 0.08229166666666667 0.28534074074074073 0.33502448186528494 2 0.27092194444444445 0.26208048359240066 2 0 0 0 0 0 0 0 0 0 0 0 0
4 0.20833333333333334 0.3885416666666667 0.09270833333333334 0.09895833333333333 0.20463518518518517 0.4311476252158895 2 0.18455574074074074 0.35132841105354057 2 0 0 0 0 0 0 0 0 0 0 0 0
6 0.27291666666666664 0.19895833333333332 0.171875 0.0875 0.21293083333333335 0.16044779792746114 2 0.34618175925925926 0.15841485319516405 2 0.3013922222222222 0.23837331606217613 2 0.19606879629629628 0.23448868739205522 2 0 0 0 0 0 0
9 0.18541666666666667 0.17708333333333334 0.13854166666666667 0.035416666666666666 0.13596527777777778 0.19098739205526769 2 0.23278814814814813 0.16508126079447322 2 0 0 0 0 0 0 0 0 0 0 0 0
3 0.17083333333333334 0.21041666666666667 0.11354166666666667 0.041666666666666664 0.13994824074074075 0.19823117443868737 2 0.17793638888888888 0.22479330742659756 2 0 0 0 0 0 0 0 0 0 0 0 0
7 0.38958333333333334 0.18541666666666667 0.11979166666666667 0.05520833333333333 0.41971796296296293 0.20871096718480137 2 0.34570537037037036 0.16375651986183073 2 0 0 0 0 0 0 0 0 0 0 0 0
1 0.38125 0.23020833333333332 0.14479166666666668 0.04895833333333333 0.3323116666666666 0.23661873920552676 2 0.4083114814814815 0.21037715889464595 2 0 0 0 0 0 0 0 0 0 0 0 0
0 0.2625 0.12916666666666668 0.1125 0.046875 0.26169954536547124 0.10821974925980754 2 0.21663453703703703 0.11752534542314333 2 0.2251408333333333 0.1357222366148532 2 0.25943305555555557 0.14921601899827286 2 0.2884689814814815 0.13875682210708115 2 0.2791539814814815 0.11808035405872193 2