5 0.39479166666666665 0.45208333333333334 0.53125 0.7145833333333333 0 0 0 0 0 0 0 0 0 0 0 0 0 0 0 0 0 0
2 0.3572916666666667 0.6895833333333333 0.13333333333333333 0.14166666666666666 0.30957027777777774 0.7393033678756477 2 0.36621092592592586 0.6254301381692573 2 0 0 0 0 0 0 0 0 0 0 0 0
4 0.3802083333333333 0.6802083333333333 0.15 0.18020833333333333 0.4154369444444444 0.7533530224525042 2 0.36783527777777775 0.5998909326424872 2 0 0 0 0 0 0 0 0 0 0 0 0
8 0.42916666666666664 0.5208333333333334 0.14375 0.159375 0.3982747222222222 0.5826569948186529 2 0.46140768518518516 0.45694356649395507 2 0 0 0 0 0 0 0 0 0 0 0 0
10 0.3416666666666667 0.496875 0.09166666666666666 0.15520833333333334 0.3464264814814815 0.5610849309153713 2 0.32421064814814815 0.43100772884283245 2 0 0 0 0 0 0 0 0 0 0 0 0
6 0.425 0.32708333333333334 0.22708333333333333 0.1625 0.33038990740740737 0.2520098877374784 2 0.5615596296296296 0.25613264248704665 2 0.5120624074074073 0.40200138169257343 2 0.34720416666666665 0.3984594559585492 2 0 0 0 0 0 0
3 0.265625 0.39791666666666664 0.13645833333333332 0.11458333333333333 0.2474862037037037 0.44805496545768564 2 0.2781863888888889 0.3540990500863558 2 0 0 0 0 0 0 0 0 0 0 0 0
9 0.309375 0.30104166666666665 0.10416666666666667 0.09895833333333333 0.2905815740740741 0.34061623488773746 2 0.3363486111111111 0.26546493955094985 2 0 0 0 0 0 0 0 0 0 0 0 0
7 0.584375 0.3104166666666667 0.11041666666666666 0.1125 0.5697099074074073 0.26250729706390324 2 0.5686668518518518 0.3473880829015544 2 0 0 0 0 0 0 0 0 0 0 0 0
1 0.56875 0.41041666666666665 0.103125 0.128125 0.5505280555555555 0.45539183937823835 2 0.574580462962963 0.36791442141623487 2 0 0 0 0 0 0 0 0 0 0 0 0
0 0.46041666666666664 0.18229166666666666 0.34270833333333334 0.146875 0.536585 0.1242376511226252 2 0.4037905555555555 0.12355453367875648 2 0.3191732407407407 0.1738247409326425 2 0.35396777777777777 0.23180289291882555 2 0.513599537037037 0.22590807426597578 2 0.5572640740740741 0.19135578583765112 2