5 0.4375 0.38333333333333336 0.5791666666666667 0.6791666666666667 0 0 0 0 0 0 0 0 0 0 0 0 0 0 0 0 0 0
4 0.3385416666666667 0.5739583333333333 0.171875 0.184375 0.2733728703703704 0.6535663212435233 2 0.37853694444444447 0.4910794473229706 2 0 0 0 0 0 0 0 0 0 0 0 0
8 0.6125 0.43020833333333336 0.12708333333333333 0.14583333333333334 0.6190601851851852 0.49012823834196884 2 0.6140393518518519 0.37142767702936097 2 0 0 0 0 0 0 0 0 0 0 0 0
2 0.5760416666666667 0.5833333333333334 0.103125 0.15729166666666666 0.5659388888888889 0.651059542314335 2 0.6012237037037037 0.511152677029361 2 0 0 0 0 0 0 0 0 0 0 0 0
10 0.43125 0.428125 0.1625 0.17291666666666666 0.38414648148148145 0.5080666666666666 2 0.47453120370370366 0.35410384283246976 2 0 0 0 0 0 0 0 0 0 0 0 0
6 0.5260416666666666 0.26666666666666666 0.25625 0.165625 0.4092225 0.20699054404145079 2 0.6271649074074074 0.184427115716753 2 0.6152425 0.3470612694300518 2 0.42683750000000004 0.34386416234887734 2 0 0 0 0 0 0
9 0.31875 0.14791666666666667 0.14583333333333334 0.08645833333333333 0.2848712962962963 0.11206178756476684 2 0.37486138888888887 0.18025798791018996 2 0 0 0 0 0 0 0 0 0 0 0 0
3 0.3614583333333333 0.08229166666666667 0.22395833333333334 0.036458333333333336 0.2678873148148148 0.0853490932642487 2 0.4600606481481481 0.06992469775474958 2 0 0 0 0 0 0 0 0 0 0 0 0
0 0.5135416666666667 0.134375 0.19791666666666666 0.11458333333333333 0.5636702777777778 0.09116848013816924 2 0.48519675925925926 0.08819365284974091 2 0.4355838888888889 0.12964848877374782 2 0.47455166666666665 0.1794140328151986 2 0.5706933333333333 0.17550284974093264 2 0.5921178703703703 0.1316018566493955 2
7 0.7145833333333333 0.16458333333333333 0.246875 0.09479166666666666 0.6280147222222222 0.18965263385146802 2 0.7859468518518518 0.12979831606217618 2 0 0 0 0 0 0 0 0 0 0 0 0
1 0.6885416666666667 0.10208333333333333 0.23645833333333333 0.058333333333333334 0.7524016666666665 0.12425120898100173 2 0.6021157407407407 0.0810736183074266 2 0 0 0 0 0 0 0 0 0 0 0 0