5 0.253125 0.309375 0.4239583333333333 0.340625 0 0 0 0 0 0 0 0 0 0 0 0 0 0 0 0 0 0
2 0.29583333333333334 0.41354166666666664 0.0625 0.06875 0.31182490740740737 0.4417953799654576 2 0.27792157407407403 0.3822576856649395 2 0 0 0 0 0 0 0 0 0 0 0 0
10 0.19479166666666667 0.334375 0.058333333333333334 0.084375 0.20325398148148147 0.37226260794473226 2 0.18869527777777775 0.2985764680483592 2 0 0 0 0 0 0 0 0 0 0 0 0
8 0.2604166666666667 0.3333333333333333 0.08645833333333333 0.09791666666666667 0.27638675925925926 0.3762635146804836 2 0.24592379629629627 0.29074369602763384 2 0 0 0 0 0 0 0 0 0 0 0 0
4 0.20833333333333334 0.4010416666666667 0.028125 0.07291666666666667 0.21635296296296294 0.4322022884283247 2 0.20358824074074072 0.3684473661485319 2 0 0 0 0 0 0 0 0 0 0 0 0
6 0.22395833333333334 0.23645833333333333 0.09270833333333334 0.06875 0.1675437037037037 0.20101256476683937 2 0.29108796296296297 0.198737219343696 2 0.2659601851851852 0.2623156303972366 2 0.18407027777777776 0.2631626079447323 2 0 0 0 0 0 0
9 0.15833333333333333 0.23645833333333333 0.05 0.05416666666666667 0.1594209259259259 0.2551848013816926 2 0.1713025925925926 0.21613221070811744 2 0 0 0 0 0 0 0 0 0 0 0 0
3 0.16666666666666666 0.28020833333333334 0.040625 0.041666666666666664 0.16464824074074072 0.261303713298791 2 0.15778064814814816 0.2969209412780656 2 0 0 0 0 0 0 0 0 0 0 0 0
7 0.31145833333333334 0.221875 0.08125 0.053125 0.28976342592592597 0.2031883851468048 2 0.3117854629629629 0.24366312607944732 2 0 0 0 0 0 0 0 0 0 0 0 0
1 0.28125 0.24791666666666667 0.11666666666666667 0.015625 0.24205148148148145 0.2524699913644214 2 0.32222703703703703 0.24020362694300518 2 0 0 0 0 0 0 0 0 0 0 0 0
0 0.234375 0.17083333333333334 0.1125 0.046875 0.23414565647658236 0.14948805668640514 2 0.18908064814814815 0.15879365284974092 2 0.19740814814814814 0.18609075993091534 2 0.23187916666666666 0.19048432642487045 2 0.2609150925925926 0.18002512953367872 2 0.2516000925925926 0.15934866148531948 2