5 0.5104166666666666 0.38125 0.7333333333333333 0.6385416666666667 0 0 0 0 0 0 0 0 0 0 0 0 0 0 0 0 0 0
2 0.4322916666666667 0.559375 0.096875 0.14375 0.4493634259259259 0.6199991364421416 2 0.4248018518518518 0.5004881260794473 2 0 0 0 0 0 0 0 0 0 0 0 0
10 0.4 0.43020833333333336 0.121875 0.14270833333333333 0.4069191666666666 0.49470734024179613 2 0.36842870370370373 0.36979818652849733 2 0 0 0 0 0 0 0 0 0 0 0 0
4 0.6270833333333333 0.5708333333333333 0.06875 0.15104166666666666 0.6263925 0.6279684801381692 2 0.6223073148148148 0.5040007772020725 2 0 0 0 0 0 0 0 0 0 0 0 0
8 0.6041666666666666 0.4375 0.16041666666666668 0.15208333333333332 0.6286530555555554 0.49877215025906735 2 0.5452558333333334 0.3753909758203799 2 0 0 0 0 0 0 0 0 0 0 0 0
9 0.34270833333333334 0.221875 0.05 0.08854166666666667 0.33180379629629625 0.2554765544041451 2 0.34880972222222223 0.18252784974093264 2 0 0 0 0 0 0 0 0 0 0 0 0
6 0.45625 0.253125 0.21354166666666666 0.18333333333333332 0.39191833333333326 0.1709761226252159 2 0.5458628703703703 0.16544775474956822 2 0.5631510185185185 0.3434413644214162 2 0.3570059259259259 0.33036990500863556 2 0 0 0 0 0 0
0 0.42916666666666664 0.11145833333333334 0.18645833333333334 0.09791666666666667 0.4693555555555555 0.0830387737478411 2 0.4161856481481481 0.07092322970639033 2 0.3665863888888889 0.0916357944732297 2 0.38471648148148146 0.13681757340241799 2 0.46795194444444443 0.1383114421416235 2 0.4872496296296296 0.1061119170984456 2
3 0.30416666666666664 0.31354166666666666 0.109375 0.09375 0.28814018518518514 0.35723803972366147 2 0.34828972222222215 0.2721325561312608 2 0 0 0 0 0 0 0 0 0 0 0 0
1 0.6302083333333334 0.3302083333333333 0.06770833333333333 0.075 0.6345809259259259 0.3584747409326425 2 0.6238093518518518 0.2996048359240069 2 0 0 0 0 0 0 0 0 0 0 0 0
7 0.6145833333333334 0.22291666666666668 0.057291666666666664 0.128125 0.5954632407407406 0.1688745682210708 2 0.6115812962962963 0.27130388601036265 2 0 0 0 0 0 0 0 0 0 0 0 0