5 0.7572916666666667 0.29375 0.3770833333333333 0.371875 0 0 0 0 0 0 0 0 0 0 0 0 0 0 0 0 0 0
2 0.8291666666666667 0.40520833333333334 0.05520833333333333 0.09583333333333334 0.8256159259259259 0.4453368307426598 2 0.8327174999999999 0.3602150690846287 2 0 0 0 0 0 0 0 0 0 0 0 0
10 0.7375 0.33541666666666664 0.12083333333333333 0.09583333333333334 0.6998681481481481 0.38049801381692566 2 0.7444548148148148 0.29237590673575126 2 0 0 0 0 0 0 0 0 0 0 0 0
8 0.8291666666666667 0.32916666666666666 0.07083333333333333 0.08229166666666667 0.8379205555555556 0.3595167098445596 2 0.8235017592592592 0.28657271157167524 2 0 0 0 0 0 0 0 0 0 0 0 0
4 0.6604166666666667 0.42604166666666665 0.13020833333333334 0.096875 0.6316833333333333 0.4651752158894646 2 0.7013312037037036 0.3822399827288428 2 0 0 0 0 0 0 0 0 0 0 0 0
6 0.7625 0.23020833333333332 0.13125 0.08333333333333333 0.7101879629629629 0.19390379965457685 2 0.8180005555555555 0.2085929620034542 2 0.8090952777777777 0.26492867012089805 2 0.723260648148148 0.26739805699481867 2 0 0 0 0 0 0
9 0.6854166666666667 0.21666666666666667 0.0875 0.05625 0.6598807407407408 0.24149727979274607 2 0.706342037037037 0.19347530224525042 2 0 0 0 0 0 0 0 0 0 0 0 0
3 0.7177083333333333 0.2708333333333333 0.15208333333333332 0.05 0.6583888888888888 0.25101252158894644 2 0.7720222222222222 0.29189222797927455 2 0 0 0 0 0 0 0 0 0 0 0 0
7 0.8104166666666667 0.22083333333333333 0.08333333333333333 0.04791666666666667 0.8194326851851852 0.23490043177892916 2 0.7851456481481481 0.20318687392055265 2 0 0 0 0 0 0 0 0 0 0 0 0
1 0.8614583333333333 0.20416666666666666 0.12395833333333334 0.059375 0.8232274999999999 0.18090090673575127 2 0.8312889814814814 0.2259169257340242 2 0 0 0 0 0 0 0 0 0 0 0 0
0 0.7552083333333334 0.165625 0.1125 0.046875 0.7549826009210269 0.1446127544411547 2 0.7099175925925926 0.15391835060449047 2 0.7184238888888889 0.17211524179620033 2 0.752716111111111 0.18560902417962002 2 0.781752037037037 0.17514982728842832 2 0.7724370370370369 0.15447335924006905 2