5 0.7395833333333334 0.26458333333333334 0.378125 0.43020833333333336 0 0 0 0 0 0 0 0 0 0 0 0 0 0 0 0 0 0
3 0.709375 0.16979166666666667 0.04583333333333333 0.07916666666666666 0.6954450925925926 0.20728756476683938 2 0.6987283333333334 0.1493695164075993 2 0 0 0 0 0 0 0 0 0 0 0 0
10 0.65625 0.30520833333333336 0.07395833333333333 0.096875 0.68523 0.34717094127806564 2 0.6399932407407406 0.2616822970639033 2 0 0 0 0 0 0 0 0 0 0 0 0
8 0.7791666666666667 0.31666666666666665 0.11770833333333333 0.08854166666666667 0.7445899074074074 0.27716338514680483 2 0.79789 0.3542073834196891 2 0 0 0 0 0 0 0 0 0 0 0 0
9 0.6604166666666667 0.18020833333333333 0.05625 0.052083333333333336 0.6444767592592592 0.15581338514680484 2 0.6764824074074074 0.2014899395509499 2 0 0 0 0 0 0 0 0 0 0 0 0
6 0.721875 0.19791666666666666 0.128125 0.10416666666666667 0.6577867592592593 0.14329322107081174 2 0.7887125925925925 0.1476677461139896 2 0.7837063888888889 0.24514196891191709 2 0.6524271296296296 0.24180427461139894 2 0 0 0 0 0 0
0 0.715625 0.11875 0.15833333333333333 0.08333333333333333 0.7398863888888889 0.08777435233160621 2 0.6859550925925926 0.08284019861830742 2 0.6626422222222222 0.10282517271157167 2 0.6775994444444444 0.1267839810017271 2 0.7110066666666666 0.1310472366148532 2 0.7443587962962963 0.12274235751295336 2
1 0.778125 0.20104166666666667 0.15208333333333332 0.053125 0.7243304629629629 0.18879922279792746 2 0.8306508333333332 0.21232543177892918 2 0 0 0 0 0 0 0 0 0 0 0 0
7 0.821875 0.178125 0.04791666666666667 0.065625 0.8357143518518518 0.20283104490500864 2 0.8040527777777776 0.14400569948186528 2 0 0 0 0 0 0 0 0 0 0 0 0
4 0.665625 0.3927083333333333 0.04791666666666667 0.07395833333333333 0.6742862962962962 0.42702767702936095 2 0.6756571296296295 0.35378493091537133 2 0 0 0 0 0 0 0 0 0 0 0 0
2 0.8385416666666666 0.4010416666666667 0.08854166666666667 0.07395833333333333 0.8601187037037036 0.43001152849740926 2 0.8227074074074073 0.3678775906735751 2 0 0 0 0 0 0 0 0 0 0 0 0