5 0.49583333333333335 0.37916666666666665 0.509375 0.68125 0 0 0 0 0 0 0 0 0 0 0 0 0 0 0 0 0 0
4 0.446875 0.5552083333333333 0.09583333333333334 0.12395833333333334 0.4808544444444445 0.6073389464594128 2 0.4518461111111111 0.5082365284974093 2 0 0 0 0 0 0 0 0 0 0 0 0
2 0.47708333333333336 0.5583333333333333 0.10520833333333333 0.11666666666666667 0.4419409259259259 0.6129193868739206 2 0.4949904629629629 0.5111198618307426 2 0 0 0 0 0 0 0 0 0 0 0 0
8 0.5385416666666667 0.425 0.12395833333333334 0.15104166666666666 0.5021444444444445 0.48989132124352325 2 0.5410614814814815 0.3661860967184801 2 0 0 0 0 0 0 0 0 0 0 0 0
10 0.42604166666666665 0.43020833333333336 0.11145833333333334 0.14479166666666668 0.446712962962963 0.4838855354058722 2 0.41011157407407406 0.36860172711571676 2 0 0 0 0 0 0 0 0 0 0 0 0
6 0.48854166666666665 0.24791666666666667 0.221875 0.1625 0.3921063888888889 0.18043411053540584 2 0.6025194444444444 0.17588864421416234 2 0.5615218518518518 0.3112580742659758 2 0.4075143518518518 0.3092256476683938 2 0 0 0 0 0 0
9 0.353125 0.23333333333333334 0.057291666666666664 0.10833333333333334 0.3649894444444444 0.19773000863557857 2 0.360475 0.28147215025906736 2 0 0 0 0 0 0 0 0 0 0 0 0
3 0.3625 0.33645833333333336 0.10208333333333333 0.0875 0.3676129629629629 0.2997227115716753 2 0.3296868518518518 0.37591485319516404 2 0 0 0 0 0 0 0 0 0 0 0 0
0 0.49583333333333335 0.1125 0.253125 0.13229166666666667 0.5711090740740742 0.06934559585492228 2 0.4672199074074074 0.05098462867012089 2 0.3698348148148148 0.09212715889464594 2 0.431024074074074 0.16366800518134714 2 0.5531723148148148 0.1647763385146805 2 0.5953010185185186 0.11957413644214161 2
7 0.6322916666666667 0.24375 0.08229166666666667 0.13854166666666667 0.6238085185185186 0.29815073402417963 2 0.6224962037037037 0.18144900690846286 2 0 0 0 0 0 0 0 0 0 0 0 0
1 0.6135416666666667 0.3416666666666667 0.075 0.09583333333333334 0.619554074074074 0.3712758203799655 2 0.6159857407407406 0.2986264248704663 2 0 0 0 0 0 0 0 0 0 0 0 0