5 0.54375 0.315625 0.5229166666666667 0.565625 0 0 0 0 0 0 0 0 0 0 0 0 0 0 0 0 0 0
4 0.46875 0.4583333333333333 0.09583333333333334 0.12395833333333334 0.44295537037037036 0.5120707685664939 2 0.4739562037037037 0.4116509067357513 2 0 0 0 0 0 0 0 0 0 0 0 0
2 0.571875 0.4625 0.10729166666666666 0.11666666666666667 0.58092 0.5087031088082902 2 0.5889613888888888 0.40820237478411053 2 0 0 0 0 0 0 0 0 0 0 0 0
8 0.6291666666666667 0.3458333333333333 0.12395833333333334 0.15104166666666666 0.5925894444444444 0.410655310880829 2 0.6315064814814815 0.28695008635578584 2 0 0 0 0 0 0 0 0 0 0 0 0
10 0.47708333333333336 0.34375 0.096875 0.13854166666666667 0.47392138888888885 0.4013500431778929 2 0.4692576851851851 0.28500751295336785 2 0 0 0 0 0 0 0 0 0 0 0 0
6 0.54375 0.215625 0.221875 0.1625 0.4472585185185185 0.14792314335060447 2 0.6576715740740741 0.14337767702936097 2 0.6166739814814814 0.2787471070811744 2 0.4626664814814815 0.2767146804835924 2 0 0 0 0 0 0
9 0.40625 0.16666666666666666 0.16145833333333334 0.08958333333333333 0.4700332407407407 0.14079840241796196 2 0.3408810185185185 0.20145682210708118 2 0 0 0 0 0 0 0 0 0 0 0 0
3 0.4083333333333333 0.21666666666666667 0.14791666666666667 0.04375 0.3535374074074074 0.2033541882556131 2 0.45575527777777775 0.23025811744386873 2 0 0 0 0 0 0 0 0 0 0 0 0
0 0.534375 0.10104166666666667 0.253125 0.13229166666666667 0.6095660185185185 0.05800639032815199 2 0.5056768518518518 0.0396454231433506 2 0.40829175925925926 0.08078795336787564 2 0.4694810185185185 0.15232879965457685 2 0.5916292592592592 0.1534371329879102 2 0.633757962962963 0.10823493091537133 2
7 0.70625 0.125 0.18125 0.075 0.6444968518518518 0.15529421416234887 2 0.7621713888888888 0.08874218480138168 2 0 0 0 0 0 0 0 0 0 0 0 0
1 0.671875 0.08958333333333333 0.20416666666666666 0.015625 0.5932286111111111 0.09244067357512953 2 0.7388482407407406 0.08631260794473229 2 0 0 0 0 0 0 0 0 0 0 0 0