5 0.6666666666666666 0.415625 0.5552083333333333 0.5 0 0 0 0 0 0 0 0 0 0 0 0 0 0 0 0 0 0
2 0.6854166666666667 0.5833333333333334 0.09166666666666666 0.14166666666666666 0.6869574999999999 0.6297816062176165 2 0.6806278703703703 0.5254125647668393 2 0 0 0 0 0 0 0 0 0 0 0 0
10 0.5791666666666667 0.465625 0.06145833333333333 0.11458333333333333 0.5920976851851852 0.5188211139896373 2 0.5773511111111111 0.4193662348877375 2 0 0 0 0 0 0 0 0 0 0 0 0
4 0.60625 0.5864583333333333 0.06145833333333333 0.12291666666666666 0.6108217592592592 0.6326994818652849 2 0.6047994444444443 0.5331120034542314 2 0 0 0 0 0 0 0 0 0 0 0 0
8 0.68125 0.4635416666666667 0.084375 0.125 0.6729819444444445 0.5166322970639033 2 0.6796805555555554 0.41497508635578584 2 0 0 0 0 0 0 0 0 0 0 0 0
9 0.5166666666666667 0.24791666666666667 0.09375 0.08958333333333333 0.5370342592592592 0.29097111398963726 2 0.5005212037037037 0.20786696891191708 2 0 0 0 0 0 0 0 0 0 0 0 0
6 0.6125 0.353125 0.18541666666666667 0.13541666666666666 0.5451689814814815 0.2836315630397237 2 0.689579074074074 0.29222059585492227 2 0.6976462962962963 0.40120837651122626 2 0.5309428703703704 0.4055815198618307 2 0 0 0 0 0 0
0 0.6489583333333333 0.25729166666666664 0.18645833333333334 0.09791666666666667 0.7119880555555554 0.23467266839378237 2 0.641339537037037 0.22689265975820377 2 0.586295462962963 0.23769749568221069 2 0.5924787962962963 0.2893670552677029 2 0.6876610185185185 0.2843731433506045 2 0.7307537037037037 0.2554688687392055 2
3 0.5510416666666667 0.22083333333333333 0.21354166666666666 0.029166666666666667 0.6205883333333334 0.22638026770293607 2 0.49264416666666666 0.21114106217616577 2 0 0 0 0 0 0 0 0 0 0 0 0
1 0.7697916666666667 0.25416666666666665 0.18645833333333334 0.059375 0.8455164814814814 0.27797297063903276 2 0.704061574074074 0.23060099309153712 2 0 0 0 0 0 0 0 0 0 0 0 0
7 0.771875 0.29270833333333335 0.19895833333333332 0.041666666666666664 0.6810112962962962 0.3022411485319516 2 0.8383745370370369 0.27230984455958546 2 0 0 0 0 0 0 0 0 0 0 0 0