5 0.55 0.4041666666666667 0.8208333333333333 0.7427083333333333 0 0 0 0 0 0 0 0 0 0 0 0 0 0 0 0 0 0
8 0.59375 0.4322916666666667 0.30833333333333335 0.21458333333333332 0.654984074074074 0.5125772452504317 2 0.48289203703703704 0.345279792746114 2 0 0 0 0 0 0 0 0 0 0 0 0
2 0.7833333333333333 0.6291666666666667 0.325 0.196875 0.8482371350186164 0.7089878328295912 2 0.6782587962962963 0.5370503454231433 2 0 0 0 0 0 0 0 0 0 0 0 0
4 0.290625 0.5958333333333333 0.23854166666666668 0.2125 0.2591507407407407 0.692988298791019 2 0.30466944444444444 0.5067246113989637 2 0 0 0 0 0 0 0 0 0 0 0 0
10 0.33125 0.40208333333333335 0.228125 0.22604166666666667 0.3096426851851852 0.4932315198618307 2 0.3964843518518518 0.3090170984455958 2 0 0 0 0 0 0 0 0 0 0 0 0
6 0.5166666666666667 0.2635416666666667 0.21875 0.14270833333333333 0.41702833333333333 0.20000980138169255 2 0.6300637037037036 0.19714248704663212 2 0.5850151851851851 0.33379378238341967 2 0.41570814814814816 0.31256748704663206 2 0 0 0 0 0 0
9 0.3302083333333333 0.18333333333333332 0.234375 0.084375 0.22464555555555554 0.13106010362694298 2 0.41532842592592595 0.2012325993091537 2 0 0 0 0 0 0 0 0 0 0 0 0
3 0.3375 0.12291666666666666 0.25833333333333336 0.04375 0.22495296296296294 0.12556165803108807 2 0.46502462962962965 0.1315660621761658 2 0 0 0 0 0 0 0 0 0 0 0 0
0 0.5145833333333333 0.1125 0.23333333333333334 0.146875 0.5772388888888889 0.062068221070811745 2 0.4847326354595335 0.055260360923778444 2 0.4050021296296296 0.10051511226252159 2 0.48902268518518516 0.16957443868739205 2 0.5774739814814815 0.15947145941278063 2 0.6257414814814815 0.09904771157167529 2
7 0.6770833333333334 0.13645833333333332 0.12083333333333333 0.12604166666666666 0.6651475925925926 0.181794127806563 2 0.6656900925925926 0.07032430915371331 2 0 0 0 0 0 0 0 0 0 0 0 0
1 0.621875 0.09895833333333333 0.09583333333333334 0.08541666666666667 0.6542064814814814 0.06754136442141623 2 0.5753219444444445 0.11367931778929187 2 0 0 0 0 0 0 0 0 0 0 0 0