5 0.4875 0.3854166666666667 0.66875 0.6927083333333334 0 0 0 0 0 0 0 0 0 0 0 0 0 0 0 0 0 0
10 0.41458333333333336 0.43020833333333336 0.08541666666666667 0.13020833333333334 0.38755064814814816 0.48040462003454226 2 0.3955983333333333 0.3630484887737478 2 0 0 0 0 0 0 0 0 0 0 0 0
8 0.6083333333333333 0.4197916666666667 0.1125 0.15833333333333333 0.5926287962962962 0.36569650259067354 2 0.5910915740740741 0.4825804404145078 2 0 0 0 0 0 0 0 0 0 0 0 0
4 0.35 0.5604166666666667 0.1875 0.165625 0.3011610185185185 0.6200497409326425 2 0.38152861111111114 0.4858693436960276 2 0 0 0 0 0 0 0 0 0 0 0 0
2 0.55625 0.5854166666666667 0.09895833333333333 0.16666666666666666 0.5367838888888888 0.6528294905008635 2 0.5572736111111111 0.5134121329879101 2 0 0 0 0 0 0 0 0 0 0 0 0
9 0.3572916666666667 0.24166666666666667 0.10208333333333333 0.13229166666666667 0.35355175925925925 0.28881118307426595 2 0.36684388888888886 0.19251265112262522 2 0 0 0 0 0 0 0 0 0 0 0 0
6 0.484375 0.25625 0.209375 0.17083333333333334 0.37726055555555554 0.18127970639032812 2 0.6039496296296296 0.17580656303972367 2 0.5767325 0.33085902417962004 2 0.40527342592592586 0.3332456390328152 2 0 0 0 0 0 0
7 0.6979166666666666 0.22604166666666667 0.16875 0.10729166666666666 0.7608326851851852 0.26124313471502586 2 0.6399197222222222 0.1875286701208981 2 0 0 0 0 0 0 0 0 0 0 0 0
1 0.725 0.3020833333333333 0.23854166666666668 0.07395833333333333 0.6628327777777778 0.3344937392055268 2 0.8019566666666667 0.275318091537133 2 0 0 0 0 0 0 0 0 0 0 0 0
3 0.36041666666666666 0.35104166666666664 0.08958333333333333 0.1125 0.3429543518518518 0.30711122625215886 2 0.3557038888888888 0.39468134715025904 2 0 0 0 0 0 0 0 0 0 0 0 0
0 0.50625 0.096875 0.24479166666666666 0.10104166666666667 0.49381509259259254 0.05685651986183073 2 0.43113425925925924 0.08503177892918826 2 0.4360893518518518 0.11638635578583763 2 0.49395981481481477 0.1479770725388601 2 0.5974392592592592 0.1274928756476684 2 0.5778899074074073 0.08156575993091536 2