5 0.5020833333333333 0.37395833333333334 0.5979166666666667 0.6052083333333333 0 0 0 0 0 0 0 0 0 0 0 0 0 0 0 0 0 0
10 0.44375 0.39895833333333336 0.08333333333333333 0.13541666666666666 0.4587131481481481 0.4491006908462866 2 0.4206634259259259 0.33446843696027634 2 0 0 0 0 0 0 0 0 0 0 0 0
4 0.46770833333333334 0.5145833333333333 0.065625 0.128125 0.4854238888888888 0.5617511226252159 2 0.45201185185185183 0.4627794905008635 2 0 0 0 0 0 0 0 0 0 0 0 0
2 0.6145833333333334 0.5166666666666667 0.11770833333333333 0.11979166666666667 0.6270797222222221 0.5640112262521588 2 0.583899074074074 0.46470859240069085 2 0 0 0 0 0 0 0 0 0 0 0 0
8 0.5791666666666667 0.390625 0.11354166666666667 0.15104166666666666 0.5846896296296296 0.4502222797927461 2 0.5673712037037038 0.33038501727115716 2 0 0 0 0 0 0 0 0 0 0 0 0
9 0.4083333333333333 0.23541666666666666 0.06770833333333333 0.09375 0.38145620370370364 0.270570207253886 2 0.4295426851851852 0.1937543177892919 2 0 0 0 0 0 0 0 0 0 0 0 0
6 0.48854166666666665 0.24895833333333334 0.18958333333333333 0.128125 0.4160386111111111 0.187828195164076 2 0.5750687037037037 0.19636666666666663 2 0.5623914814814814 0.3026078583765112 2 0.40735314814814816 0.30955682210708113 2 0 0 0 0 0 0
0 0.4979166666666667 0.14479166666666668 0.2125 0.10625 0.5477792592592592 0.10894827288428323 2 0.47011320301783255 0.10318481123379115 2 0.4350405555555555 0.13457672711571675 2 0.43545648148148147 0.17993881692573402 2 0.5375252777777777 0.1793653713298791 2 0.5581959259259258 0.15140936960276338 2
3 0.39479166666666665 0.35833333333333334 0.08229166666666667 0.08020833333333334 0.39373555555555556 0.38177016407599307 2 0.3818585185185185 0.32007806563039726 2 0 0 0 0 0 0 0 0 0 0 0 0
1 0.6177083333333333 0.3458333333333333 0.06354166666666666 0.09583333333333334 0.6248553703703703 0.3753946891191709 2 0.6214084259259258 0.30733117443868735 2 0 0 0 0 0 0 0 0 0 0 0 0
7 0.6166666666666667 0.23125 0.09166666666666666 0.090625 0.6136067592592592 0.274103713298791 2 0.5935510185185185 0.19724369602763384 2 0 0 0 0 0 0 0 0 0 0 0 0