5 0.5791666666666667 0.37395833333333334 0.7791666666666667 0.6791666666666667 0 0 0 0 0 0 0 0 0 0 0 0 0 0 0 0 0 0
2 0.5895833333333333 0.5520833333333334 0.10208333333333333 0.10416666666666667 0.5470738888888889 0.5527445164075994 2 0.6140950925925925 0.510966493955095 2 0 0 0 0 0 0 0 0 0 0 0 0
4 0.5041666666666667 0.5927083333333333 0.06666666666666667 0.13333333333333333 0.5224891666666667 0.6363493091537133 2 0.4957008333333333 0.5414079015544041 2 0 0 0 0 0 0 0 0 0 0 0 0
8 0.5510416666666667 0.4427083333333333 0.17291666666666666 0.159375 0.6033890740740742 0.4958373920552677 2 0.5030391666666666 0.37745500863557857 2 0 0 0 0 0 0 0 0 0 0 0 0
10 0.4354166666666667 0.459375 0.26145833333333335 0.171875 0.47091962962962963 0.537222279792746 2 0.3808769444444444 0.38481783246977547 2 0 0 0 0 0 0 0 0 0 0 0 0
6 0.428125 0.3072916666666667 0.26145833333333335 0.14166666666666666 0.39225259259259254 0.2350833765112262 2 0.5463857407407406 0.2455261658031088 2 0.4793457407407407 0.37848540587219337 2 0.3344002777777778 0.373370725388601 2 0 0 0 0 0 0
9 0.353125 0.19166666666666668 0.096875 0.09270833333333334 0.34872305555555555 0.15449779792746113 2 0.3800094444444444 0.2247105785837651 2 0 0 0 0 0 0 0 0 0 0 0 0
3 0.3541666666666667 0.115625 0.10625 0.084375 0.34049481481481475 0.1461892055267703 2 0.3812987962962963 0.07511269430051813 2 0 0 0 0 0 0 0 0 0 0 0 0
0 0.521875 0.19791666666666666 0.240625 0.10833333333333334 0.606543611111111 0.16219948186528496 2 0.5199187037037036 0.14126139896373058 2 0.43260972222222216 0.1703874352331606 2 0.4761978703703703 0.23155565630397237 2 0.575854537037037 0.22874071675302243 2 0.6222736111111111 0.2008174438687392 2
7 0.646875 0.2916666666666667 0.21770833333333334 0.058333333333333334 0.7119683333333333 0.30375479274611394 2 0.5770430555555556 0.2754996545768566 2 0 0 0 0 0 0 0 0 0 0 0 0
1 0.8427083333333333 0.325 0.24375 0.03958333333333333 0.9138816666666666 0.329357944732297 2 0.752291111111111 0.3098123056994818 2 0 0 0 0 0 0 0 0 0 0 0 0