5 0.5385416666666667 0.425 0.5583333333333333 0.7552083333333334 0 0 0 0 0 0 0 0 0 0 0 0 0 0 0 0 0 0
10 0.45625 0.49270833333333336 0.103125 0.21145833333333333 0.4661096296296296 0.5849255613126079 2 0.44306999999999996 0.3938886442141623 2 0 0 0 0 0 0 0 0 0 0 0 0
2 0.4427083333333333 0.6697916666666667 0.19375 0.15208333333333332 0.3816731481481481 0.7378106649395509 2 0.48196981481481477 0.6007209412780656 2 0 0 0 0 0 0 0 0 0 0 0 0
4 0.49270833333333336 0.6489583333333333 0.15 0.18020833333333333 0.5282660185185184 0.7219056994818653 2 0.48066435185185175 0.5684436096718479 2 0 0 0 0 0 0 0 0 0 0 0 0
8 0.534375 0.48020833333333335 0.12291666666666666 0.209375 0.5182291666666666 0.5561009067357513 2 0.5724826851851852 0.401689335060449 2 0 0 0 0 0 0 0 0 0 0 0 0
6 0.5333333333333333 0.26145833333333335 0.278125 0.190625 0.41290944444444444 0.20128432642487046 2 0.6541160185185184 0.1757896804835924 2 0.5945819444444445 0.3512758203799654 2 0.42972370370370366 0.3477338946459413 2 0 0 0 0 0 0
3 0.35833333333333334 0.36770833333333336 0.13645833333333332 0.11458333333333333 0.3396086111111111 0.41779667530224524 2 0.37030879629629626 0.3238407599309154 2 0 0 0 0 0 0 0 0 0 0 0 0
9 0.35833333333333334 0.2520833333333333 0.10416666666666667 0.11875 0.3714012962962963 0.3068497841105354 2 0.3847247222222222 0.20660975820379962 2 0 0 0 0 0 0 0 0 0 0 0 0
7 0.709375 0.22083333333333333 0.13854166666666667 0.10729166666666666 0.6632610185185185 0.17513955094991365 2 0.7614655555555554 0.25654585492227977 2 0 0 0 0 0 0 0 0 0 0 0 0
1 0.6989583333333333 0.26875 0.25104166666666666 0.06354166666666666 0.5961733333333333 0.27452538860103626 2 0.7656973148148147 0.2669860967184801 2 0 0 0 0 0 0 0 0 0 0 0 0
0 0.48020833333333335 0.13125 0.34270833333333334 0.146875 0.5562790740740741 0.07348678756476684 2 0.4234846296296296 0.0728036701208981 2 0.3388673148148148 0.12307387737478412 2 0.3736618518518518 0.18105202936096718 2 0.5332936111111111 0.17515721070811746 2 0.5848525 0.134011701208981 2