5 0.7520833333333333 0.3072916666666667 0.328125 0.26979166666666665 0 0 0 0 0 0 0 0 0 0 0 0 0 0 0 0 0 0
4 0.7552083333333334 0.4083333333333333 0.06145833333333333 0.057291666666666664 0.7576578703703702 0.4294471502590673 2 0.7409207407407407 0.3826456390328152 2 0 0 0 0 0 0 0 0 0 0 0 0
10 0.7375 0.3572916666666667 0.051041666666666666 0.053125 0.7412805555555555 0.3782491796200345 2 0.7237304629629631 0.33206597582037994 2 0 0 0 0 0 0 0 0 0 0 0 0
8 0.7927083333333333 0.35104166666666664 0.041666666666666664 0.057291666666666664 0.7929846296296296 0.37353886010362697 2 0.7942105555555554 0.3281821675302245 2 0 0 0 0 0 0 0 0 0 0 0 0
2 0.8260416666666667 0.3572916666666667 0.04791666666666667 0.04583333333333333 0.8121537037037037 0.3716156303972366 2 0.8236938888888887 0.335766450777202 2 0 0 0 0 0 0 0 0 0 0 0 0
6 0.7604166666666666 0.284375 0.13958333333333334 0.08020833333333334 0.7036950925925926 0.24858575129533678 2 0.8169443518518518 0.24666558721934367 2 0.8186434259259259 0.3184167098445595 2 0.7050010185185186 0.32028091537132986 2 0 0 0 0 0 0
9 0.675 0.2552083333333333 0.084375 0.022916666666666665 0.6574946296296296 0.26389417098445594 2 0.7066267592592592 0.25281446459412776 2 0 0 0 0 0 0 0 0 0 0 0 0
3 0.65 0.23541666666666666 0.035416666666666666 0.046875 0.641503611111111 0.25282996545768566 2 0.6596200925925925 0.2174437823834197 2 0 0 0 0 0 0 0 0 0 0 0 0
7 0.8489583333333334 0.26458333333333334 0.10208333333333333 0.027083333333333334 0.881434537037037 0.26760090673575126 2 0.8053042592592592 0.25112422279792745 2 0 0 0 0 0 0 0 0 0 0 0 0
1 0.89375 0.24791666666666667 0.03333333333333333 0.04791666666666667 0.8906626851851852 0.2649785405872193 2 0.8948069444444443 0.22696688255613126 2 0 0 0 0 0 0 0 0 0 0 0 0
0 0.759375 0.22083333333333333 0.07604166666666666 0.03958333333333333 0.7771002777777778 0.20972275474956822 2 0.7512549074074074 0.2080604922279793 2 0.7269486111111111 0.21701813471502587 2 0.726802037037037 0.23132607944732297 2 0.7585774074074074 0.23818955094991365 2 0.7931378703703703 0.22387849740932644 2