5 0.725 0.25625 0.31979166666666664 0.425 0 0 0 0 0 0 0 0 0 0 0 0 0 0 0 0 0 0
3 0.6333333333333333 0.25104166666666666 0.022916666666666665 0.07708333333333334 0.6318340740740741 0.22155012953367872 2 0.6199142592592591 0.27443151986183073 2 0 0 0 0 0 0 0 0 0 0 0 0
10 0.6677083333333333 0.3177083333333333 0.08125 0.10416666666666667 0.6642518518518519 0.35779844559585494 2 0.6545146296296296 0.2705454663212435 2 0 0 0 0 0 0 0 0 0 0 0 0
8 0.7427083333333333 0.3072916666666667 0.096875 0.109375 0.7572444444444444 0.2577823402417962 2 0.7525499999999999 0.34197413644214164 2 0 0 0 0 0 0 0 0 0 0 0 0
9 0.621875 0.18333333333333332 0.13958333333333334 0.071875 0.6470893518518518 0.1498071243523316 2 0.6307875925925924 0.21661252158894642 2 0 0 0 0 0 0 0 0 0 0 0 0
6 0.7229166666666667 0.190625 0.15833333333333333 0.08333333333333333 0.6557412037037037 0.15054481865284977 2 0.8075887962962962 0.14718333333333333 2 0.7402605555555556 0.2263057426597582 2 0.6354227777777778 0.2349528065630397 2 0 0 0 0 0 0
0 0.740625 0.103125 0.15833333333333333 0.08333333333333333 0.7643041666666667 0.07241265112262521 2 0.7103728703703704 0.06747849740932642 2 0.68706 0.08746347150259066 2 0.6966847222222222 0.12597275474956823 2 0.727870462962963 0.13040600172711572 2 0.7914796296296296 0.12045703799654575 2
1 0.8197916666666667 0.23020833333333332 0.146875 0.04479166666666667 0.7952428703703703 0.24640082037996544 2 0.8671875 0.21380241796200344 2 0 0 0 0 0 0 0 0 0 0 0 0
7 0.8635416666666667 0.184375 0.17604166666666668 0.05416666666666667 0.8831989814814815 0.20455509499136443 2 0.7811683333333332 0.15466614853195162 2 0 0 0 0 0 0 0 0 0 0 0 0
2 0.73125 0.40729166666666666 0.0875 0.08020833333333334 0.724953148148148 0.4362476683937823 2 0.7480735185185184 0.36556990500863557 2 0 0 0 0 0 0 0 0 0 0 0 0
4 0.75625 0.40208333333333335 0.21979166666666666 0.07916666666666666 0.7966194444444444 0.41985651986183076 2 0.6816780555555556 0.36526856649395506 2 0 0 0 0 0 0 0 0 0 0 0 0