5 0.7416666666666667 0.28854166666666664 0.4083333333333333 0.39166666666666666 0 0 0 0 0 0 0 0 0 0 0 0 0 0 0 0 0 0
8 0.728125 0.32395833333333335 0.11666666666666667 0.1125 0.722462037037037 0.2787503886010363 2 0.7311378703703704 0.36757124352331605 2 0 0 0 0 0 0 0 0 0 0 0 0
2 0.73125 0.41458333333333336 0.08645833333333333 0.09583333333333334 0.7486025391926319 0.4536355581942046 2 0.7356844444444445 0.37668264248704664 2 0 0 0 0 0 0 0 0 0 0 0 0
0 0.753125 0.14479166666666668 0.14479166666666668 0.08020833333333334 0.7633993518518519 0.10994615716753021 2 0.7238966666666666 0.12400984455958547 2 0.713568425925926 0.1496421848013817 2 0.7235312037037036 0.15890613126079448 2 0.7768428703703704 0.16643134715025903 2 0.8067910185185185 0.1284644645941278 2
10 0.8135416666666667 0.33229166666666665 0.115625 0.07916666666666666 0.8204093518518518 0.3651924438687392 2 0.7740705555555556 0.3050635146804836 2 0 0 0 0 0 0 0 0 0 0 0 0
4 0.86875 0.39479166666666665 0.09479166666666666 0.06041666666666667 0.8935537962962962 0.41716113989637305 2 0.839142962962963 0.3693931778929188 2 0 0 0 0 0 0 0 0 0 0 0 0
7 0.765625 0.21354166666666666 0.052083333333333336 0.05416666666666667 0.7558363888888889 0.233411701208981 2 0.757446574074074 0.184787737478411 2 0 0 0 0 0 0 0 0 0 0 0 0
1 0.6895833333333333 0.24270833333333333 0.12604166666666666 0.025 0.6428753703703703 0.24226968911917096 2 0.7448486111111111 0.22982284110535403 2 0 0 0 0 0 0 0 0 0 0 0 0
6 0.721875 0.21458333333333332 0.15208333333333332 0.075 0.6887385185185184 0.18349779792746113 2 0.7884190740740741 0.18006554404145075 2 0.7386198148148148 0.24518786701208978 2 0.6542862037037036 0.23907102763385144 2 0 0 0 0 0 0
3 0.6666666666666666 0.17291666666666666 0.13020833333333334 0.03229166666666667 0.6374130555555555 0.18587012089810015 2 0.7301131481481481 0.16560440414507774 2 0 0 0 0 0 0 0 0 0 0 0 0
9 0.6677083333333333 0.20104166666666667 0.13020833333333334 0.028125 0.7065761111111112 0.20251122625215887 2 0.6489307407407406 0.193474481865285 2 0 0 0 0 0 0 0 0 0 0 0 0