5 0.5625 0.3177083333333333 0.5697916666666667 0.5760416666666667 0 0 0 0 0 0 0 0 0 0 0 0 0 0 0 0 0 0
4 0.5135416666666667 0.48020833333333335 0.08229166666666667 0.13229166666666667 0.5349303703703703 0.5365234455958549 2 0.4895146296296296 0.4199195164075993 2 0 0 0 0 0 0 0 0 0 0 0 0
10 0.4552083333333333 0.33541666666666664 0.11041666666666666 0.11770833333333333 0.47981064814814817 0.384207426597582 2 0.43072407407407404 0.2841742227979275 2 0 0 0 0 0 0 0 0 0 0 0 0
8 0.5677083333333334 0.346875 0.08541666666666667 0.159375 0.5696005555555554 0.2732117012089809 2 0.5568283333333334 0.4127402417962003 2 0 0 0 0 0 0 0 0 0 0 0 0
9 0.3927083333333333 0.17708333333333334 0.146875 0.09895833333333333 0.4459796296296296 0.14033683074265974 2 0.347542037037037 0.2209243523316062 2 0 0 0 0 0 0 0 0 0 0 0 0
6 0.5333333333333333 0.21666666666666667 0.25104166666666666 0.19166666666666668 0.42237555555555556 0.14606217616580308 2 0.648369537037037 0.12651554404145077 2 0.628681574074074 0.29335837651122626 2 0.41737916666666663 0.2938182210708117 2 0 0 0 0 0 0
7 0.703125 0.15833333333333333 0.15520833333333334 0.06666666666666667 0.6433464814814814 0.12904028497409326 2 0.7604671296296296 0.18762275474956822 2 0 0 0 0 0 0 0 0 0 0 0 0
1 0.7104166666666667 0.221875 0.17604166666666668 0.06458333333333334 0.7678526851851851 0.1972603626943005 2 0.6476987962962962 0.23467858376511225 2 0 0 0 0 0 0 0 0 0 0 0 0
3 0.3875 0.22291666666666668 0.140625 0.027083333333333334 0.43448462962962964 0.2255601899827288 2 0.34941064814814815 0.218679792746114 2 0 0 0 0 0 0 0 0 0 0 0 0
0 0.5489583333333333 0.084375 0.28020833333333334 0.11666666666666667 0.5269241666666666 0.034268048359240064 2 0.4357783333333333 0.05978683074265975 2 0.4452907407407407 0.10916312607944731 2 0.5354057407407408 0.1314014248704663 2 0.5981408333333333 0.10110099309153713 2 0.592292037037037 0.055452072538860094 2
2 0.5489583333333333 0.49583333333333335 0.078125 0.16354166666666667 0.5329509259259259 0.5685646804835923 2 0.5388203703703703 0.4185772452504317 2 0 0 0 0 0 0 0 0 0 0 0 0