5 0.4947916666666667 0.434375 0.7489583333333333 0.7947916666666667 0 0 0 0 0 0 0 0 0 0 0 0 0 0 0 0 0 0
10 0.4114583333333333 0.49166666666666664 0.10833333333333334 0.15416666666666667 0.44556287037037035 0.5539083765112262 2 0.3940611111111111 0.4201832901554404 2 0 0 0 0 0 0 0 0 0 0 0 0
2 0.5864583333333333 0.6614583333333334 0.09583333333333334 0.17708333333333334 0.5680519444444444 0.7333495250431779 2 0.5761218518518518 0.5799446891191711 2 0 0 0 0 0 0 0 0 0 0 0 0
4 0.46145833333333336 0.6677083333333333 0.08645833333333333 0.171875 0.477774537037037 0.7410240069084628 2 0.4429796296296296 0.5835087651122625 2 0 0 0 0 0 0 0 0 0 0 0 0
8 0.6135416666666667 0.46041666666666664 0.21875 0.18020833333333333 0.5571108333333333 0.5391417530224525 2 0.5777137962962962 0.3856357944732297 2 0 0 0 0 0 0 0 0 0 0 0 0
6 0.48020833333333335 0.271875 0.26666666666666666 0.23958333333333334 0.35017000000000004 0.16482655440414506 2 0.642053611111111 0.16093886010362693 2 0.607675 0.39136714162348873 2 0.3563367592592593 0.38650962867012084 2 0 0 0 0 0 0
3 0.29791666666666666 0.3541666666666667 0.16354166666666667 0.121875 0.2724066666666667 0.3969330310880829 2 0.30072259259259254 0.3058800518134715 2 0 0 0 0 0 0 0 0 0 0 0 0
9 0.30833333333333335 0.23125 0.121875 0.13020833333333334 0.2821180555555555 0.28118760794473224 2 0.3345287962962962 0.17799676165803108 2 0 0 0 0 0 0 0 0 0 0 0 0
7 0.7239583333333334 0.1875 0.2864583333333333 0.05625 0.6481346296296295 0.16732405008635576 2 0.8233868518518518 0.20020375647668393 2 0 0 0 0 0 0 0 0 0 0 0 0
1 0.7625 0.15208333333333332 0.23854166666666668 0.08229166666666667 0.8219400925925926 0.17955086355785838 2 0.7024471296296296 0.11277284110535404 2 0 0 0 0 0 0 0 0 0 0 0 0
0 0.5375 0.11458333333333333 0.3145833333333333 0.14895833333333333 0.6220884259259258 0.04997504317789291 2 0.48591212962962965 0.043582685664939544 2 0.41187425925925925 0.08531852331606218 2 0.4549334259259259 0.16350254749568222 2 0.5959382407407408 0.16787936096718478 2 0.6414207407407407 0.10046450777202072 2