5 0.503125 0.321875 0.46875 0.565625 0 0 0 0 0 0 0 0 0 0 0 0 0 0 0 0 0 0
4 0.478125 0.50625 0.08958333333333333 0.11354166666666667 0.5064894444444444 0.5616697322970639 2 0.47042277777777775 0.45912979274611393 2 0 0 0 0 0 0 0 0 0 0 0 0
8 0.5989583333333334 0.3802083333333333 0.12708333333333333 0.14583333333333334 0.6051569444444443 0.4408535405872193 2 0.6001361111111111 0.3221529792746114 2 0 0 0 0 0 0 0 0 0 0 0 0
2 0.5635416666666667 0.5104166666666666 0.096875 0.11666666666666667 0.5317407407407406 0.5404910621761657 2 0.5917187037037036 0.45814063039723657 2 0 0 0 0 0 0 0 0 0 0 0 0
10 0.4708333333333333 0.38229166666666664 0.13333333333333333 0.15520833333333334 0.4752655555555555 0.44322974956822103 2 0.4194803703703703 0.3174540587219344 2 0 0 0 0 0 0 0 0 0 0 0 0
6 0.5166666666666667 0.21770833333333334 0.25625 0.165625 0.3997663888888889 0.15833683074265975 2 0.6177087962962963 0.13577340241796199 2 0.6057863888888888 0.2984075561312608 2 0.41738138888888887 0.2952104490500863 2 0 0 0 0 0 0
9 0.41770833333333335 0.20416666666666666 0.07708333333333334 0.08645833333333333 0.41788027777777775 0.16877128670120897 2 0.41947888888888885 0.2365452504317789 2 0 0 0 0 0 0 0 0 0 0 0 0
3 0.38958333333333334 0.2760416666666667 0.09166666666666666 0.07604166666666666 0.3851400925925926 0.3142528065630397 2 0.42251712962962956 0.24383605354058718 2 0 0 0 0 0 0 0 0 0 0 0 0
0 0.471875 0.09479166666666666 0.19791666666666666 0.11458333333333333 0.5225470370370371 0.0518353195164076 2 0.4440735185185185 0.04886049222797927 2 0.39446064814814813 0.09031532815198617 2 0.4334284259259259 0.14008087219343696 2 0.5295700925925926 0.136169689119171 2 0.5509946296296296 0.09226869602763384 2
7 0.6541666666666667 0.12604166666666666 0.15729166666666666 0.06875 0.6055886111111111 0.15050470639032815 2 0.6759400925925926 0.10354032815198617 2 0 0 0 0 0 0 0 0 0 0 0 0
1 0.6177083333333333 0.07916666666666666 0.23645833333333333 0.058333333333333334 0.6820059259259259 0.10175885146804835 2 0.53172 0.05858126079447323 2 0 0 0 0 0 0 0 0 0 0 0 0