5 0.54375 0.3854166666666667 0.56875 0.6885416666666667 0 0 0 0 0 0 0 0 0 0 0 0 0 0 0 0 0 0
2 0.47708333333333336 0.590625 0.096875 0.14375 0.47489870370370363 0.6516994386873921 2 0.46905462962962957 0.5315812607944732 2 0 0 0 0 0 0 0 0 0 0 0 0
10 0.4864583333333333 0.46145833333333336 0.121875 0.14270833333333333 0.4933449074074074 0.5264835492227979 2 0.4548544444444444 0.4015743955094991 2 0 0 0 0 0 0 0 0 0 0 0 0
4 0.5625 0.5958333333333333 0.06875 0.15104166666666666 0.5470920370370371 0.6595507340241796 2 0.5577275925925925 0.5280353626943005 2 0 0 0 0 0 0 0 0 0 0 0 0
8 0.5854166666666667 0.4510416666666667 0.07708333333333334 0.16979166666666667 0.571506111111111 0.523827115716753 2 0.567879537037037 0.38018100172711566 2 0 0 0 0 0 0 0 0 0 0 0 0
9 0.37604166666666666 0.24583333333333332 0.05520833333333333 0.12604166666666666 0.3721969444444444 0.29591191709844555 2 0.37920972222222216 0.18793350604490502 2 0 0 0 0 0 0 0 0 0 0 0 0
6 0.5166666666666667 0.26875 0.21354166666666666 0.18333333333333332 0.4525194444444444 0.18657750431778927 2 0.6064639814814814 0.18104913644214163 2 0.6237521296296296 0.3590427461139896 2 0.417607037037037 0.34597128670120897 2 0 0 0 0 0 0
0 0.534375 0.12916666666666668 0.2375 0.11666666666666667 0.5788664814814815 0.08511610535405871 2 0.4949798148148148 0.07940699481865285 2 0.44538055555555556 0.10011955958549222 2 0.47175203703703705 0.1587883851468048 2 0.5811993518518518 0.15861131260794473 2 0.5931350925925927 0.12583993955094988 2
3 0.3802083333333333 0.3645833333333333 0.059375 0.125 0.39225259259259254 0.4083093696027634 2 0.38887129629629624 0.3078892487046632 2 0 0 0 0 0 0 0 0 0 0 0 0
1 0.6989583333333333 0.29270833333333335 0.23020833333333332 0.06875 0.5969328703703703 0.300111658031088 2 0.77335 0.26480954231433507 2 0 0 0 0 0 0 0 0 0 0 0 0
7 0.709375 0.22708333333333333 0.21458333333333332 0.1125 0.6116669444444444 0.17998950777202072 2 0.7839264814814814 0.2608720639032815 2 0 0 0 0 0 0 0 0 0 0 0 0