5 0.5041666666666667 0.32395833333333335 0.8229166666666666 0.5833333333333334 0 0 0 0 0 0 0 0 0 0 0 0 0 0 0 0 0 0
2 0.7364583333333333 0.49583333333333335 0.121875 0.11770833333333333 0.7380823148148148 0.5315687823834196 2 0.708586574074074 0.44774291882556133 2 0 0 0 0 0 0 0 0 0 0 0 0
4 0.33645833333333336 0.503125 0.20104166666666667 0.12395833333333334 0.2853009259259259 0.5269221070811744 2 0.3952413888888889 0.4567556563039723 2 0 0 0 0 0 0 0 0 0 0 0 0
8 0.6385416666666667 0.3614583333333333 0.12395833333333334 0.15104166666666666 0.6668655555555555 0.41699555267702937 2 0.6411494444444444 0.30247292746113985 2 0 0 0 0 0 0 0 0 0 0 0 0
10 0.46770833333333334 0.39166666666666666 0.14270833333333333 0.146875 0.42115166666666665 0.43788454231433505 2 0.49513481481481475 0.3293022020725388 2 0 0 0 0 0 0 0 0 0 0 0 0
6 0.48854166666666665 0.24791666666666667 0.221875 0.1625 0.39147499999999996 0.18069779792746116 2 0.6018880555555555 0.1761523316062176 2 0.560890462962963 0.3115217616580311 2 0.40688296296296295 0.309489335060449 2 0 0 0 0 0 0
9 0.25833333333333336 0.18020833333333333 0.17395833333333333 0.06666666666666667 0.3312534259259259 0.18379468911917096 2 0.18930842592592592 0.16983583765112262 2 0 0 0 0 0 0 0 0 0 0 0 0
3 0.19375 0.11458333333333333 0.07604166666666666 0.09270833333333334 0.1820023148148148 0.08386800518134715 2 0.1864873148148148 0.1511395077720207 2 0 0 0 0 0 0 0 0 0 0 0 0
0 0.45 0.12291666666666666 0.240625 0.10833333333333334 0.5347120370370371 0.0867646804835924 2 0.4480871296296296 0.06582659758203799 2 0.3607781481481481 0.09495263385146804 2 0.4043662962962963 0.15612085492227978 2 0.5040229629629629 0.15330591537132987 2 0.550442037037037 0.1253826424870466 2
7 0.6822916666666666 0.18229166666666666 0.240625 0.04583333333333333 0.7679217592592592 0.1717754749568221 2 0.6016199074074073 0.1893294041450777 2 0 0 0 0 0 0 0 0 0 0 0 0
1 0.8270833333333333 0.13854166666666667 0.19479166666666667 0.10104166666666667 0.7510669444444443 0.16968406735751293 2 0.8546492592592593 0.09286023316062177 2 0 0 0 0 0 0 0 0 0 0 0 0