5 0.5229166666666667 0.4354166666666667 0.675 0.8114583333333333 0 0 0 0 0 0 0 0 0 0 0 0 0 0 0 0 0 0
4 0.47708333333333336 0.6927083333333334 0.19791666666666666 0.21875 0.4870153703703703 0.7811993955094991 2 0.44607037037037034 0.5934132987910189 2 0 0 0 0 0 0 0 0 0 0 0 0
2 0.56875 0.640625 0.10416666666666667 0.175 0.5422453703703703 0.7020202504317788 2 0.5822525 0.5609713298791018 2 0 0 0 0 0 0 0 0 0 0 0 0
8 0.5979166666666667 0.47604166666666664 0.08645833333333333 0.153125 0.6007043518518518 0.5490442141623488 2 0.6143662962962962 0.41852197754749565 2 0 0 0 0 0 0 0 0 0 0 0 0
10 0.4270833333333333 0.49583333333333335 0.17916666666666667 0.159375 0.4350819444444445 0.5691399827288428 2 0.38863574074074075 0.4275201640759931 2 0 0 0 0 0 0 0 0 0 0 0 0
6 0.490625 0.203125 0.4125 0.22083333333333333 0.2892975925925925 0.10080181347150258 2 0.7052047222222221 0.09285777202072538 2 0.6600658333333332 0.3059811312607944 2 0.34176074074074075 0.30486796200345423 2 0 0 0 0 0 0
9 0.28958333333333336 0.190625 0.10833333333333334 0.1625 0.2691623148148148 0.12834896373056995 2 0.28045425925925926 0.2513847150259067 2 0 0 0 0 0 0 0 0 0 0 0 0
3 0.2791666666666667 0.3333333333333333 0.071875 0.11875 0.27920648148148147 0.28229235751295334 2 0.2721604629629629 0.3813028929188255 2 0 0 0 0 0 0 0 0 0 0 0 0
7 0.7041666666666667 0.190625 0.09583333333333334 0.153125 0.6966024999999999 0.12385833333333333 2 0.7214807407407408 0.2620274179620034 2 0 0 0 0 0 0 0 0 0 0 0 0
1 0.7458333333333333 0.3416666666666667 0.109375 0.125 0.7147979629629629 0.28983074265975817 2 0.7521701851851852 0.3936862262521589 2 0 0 0 0 0 0 0 0 0 0 0 0
0 0.4864583333333333 0.04375 0.20208333333333334 0.0875 0.5302952777777777 0.012179490500863557 2 0.4280786111111111 0.0178536701208981 2 0.42693759259259256 0.05179969775474957 2 0.43034425925925923 0.07672335924006908 2 0.5697329629629629 0.07734283246977548 2 0.5701812037037037 0.04597733160621762 2