5 0.5916666666666667 0.5083333333333333 0.5177083333333333 0.46458333333333335 0 0 0 0 0 0 0 0 0 0 0 0 0 0 0 0 0 0
2 0.7177083333333333 0.6427083333333333 0.10520833333333333 0.128125 0.7358579629629628 0.6849177461139896 2 0.7039923148148148 0.5876033246977547 2 0 0 0 0 0 0 0 0 0 0 0 0
8 0.6791666666666667 0.5333333333333333 0.07916666666666666 0.10520833333333333 0.6799768518518517 0.5802029360967185 2 0.6948422222222222 0.49220626079447316 2 0 0 0 0 0 0 0 0 0 0 0 0
7 0.6854166666666667 0.346875 0.171875 0.03958333333333333 0.6156312962962963 0.3534518566493955 2 0.7434534259259259 0.3434582037996546 2 0 0 0 0 0 0 0 0 0 0 0 0
4 0.5947916666666667 0.665625 0.096875 0.11770833333333333 0.6031358333333333 0.6979217184801382 2 0.5952117592592592 0.6076936960276338 2 0 0 0 0 0 0 0 0 0 0 0 0
10 0.5947916666666667 0.540625 0.14375 0.1125 0.5909557407407408 0.593522841105354 2 0.5503057407407408 0.492053756476684 2 0 0 0 0 0 0 0 0 0 0 0 0
6 0.54375 0.41770833333333335 0.15520833333333334 0.14583333333333334 0.46766490740740735 0.3824532383419689 2 0.6182612962962963 0.3537651986183074 2 0.6110659259259259 0.48077681347150253 2 0.47849629629629625 0.4779825129533678 2 0 0 0 0 0 0
3 0.4822916666666667 0.5125 0.09479166666666666 0.09166666666666666 0.47887712962962964 0.46959740932642485 2 0.46225379629629626 0.5476136873920552 2 0 0 0 0 0 0 0 0 0 0 0 0
9 0.48125 0.43125 0.0875 0.10104166666666667 0.46346574074074076 0.4657222366148531 2 0.47713657407407406 0.3923501295336787 2 0 0 0 0 0 0 0 0 0 0 0 0
1 0.8135416666666667 0.32395833333333335 0.11770833333333333 0.0375 0.8581633333333334 0.3121711139896373 2 0.7800138888888888 0.33558376511226246 2 0 0 0 0 0 0 0 0 0 0 0 0
0 0.5010416666666667 0.3302083333333333 0.21041666666666667 0.090625 0.5626718518518518 0.31727128670120897 2 0.49996157407407404 0.2957044041450777 2 0.4280084259259259 0.32008717616580307 2 0.42688629629629626 0.3503013385146805 2 0.5091065740740741 0.3718956390328152 2 0.5707116666666666 0.34121714162348876 2