5 0.25833333333333336 0.45729166666666665 0.4791666666666667 0.5083333333333333 0 0 0 0 0 0 0 0 0 0 0 0 0 0 0 0 0 0
5 0.25729166666666664 0.46041666666666664 0.45 0.5489583333333333 0 0 0 0 0 0 0 0 0 0 0 0 0 0 0 0 0 0
4 0.21666666666666667 0.596875 0.05520833333333333 0.10104166666666667 0.20484783558690964 0.637081852091729 2 0.21591074074074074 0.5336348877374785 2 0 0 0 0 0 0 0 0 0 0 0 0
10 0.20625 0.49583333333333335 0.07083333333333333 0.07291666666666667 0.19173691945914167 0.51001987956452 2 0.16708259259259256 0.4218362262521589 2 0 0 0 0 0 0 0 0 0 0 0 0
2 0.3489583333333333 0.5854166666666667 0.11770833333333333 0.1125 0.3378183333333333 0.6369414075993092 2 0.4035012037037037 0.5329433937823834 2 0 0 0 0 0 0 0 0 0 0 0 0
8 0.35 0.48125 0.215625 0.1 0.38699 0.520470725388601 2 0.28127138888888886 0.4553263385146805 2 0 0 0 0 0 0 0 0 0 0 0 0
3 0.125 0.41354166666666664 0.146875 0.051041666666666666 0.07076462962962962 0.38421580310880826 2 0.1827437962962963 0.4260275043177893 2 0 0 0 0 0 0 0 0 0 0 0 0
6 0.24583333333333332 0.3927083333333333 0.19583333333333333 0.10520833333333333 0.1723994444444444 0.3388031088082901 2 0.3395905555555555 0.3359695595854922 2 0.31389249999999996 0.4460647236614853 2 0.15445962962962959 0.4348064335060449 2 0 0 0 0 0 0
9 0.125 0.3625 0.12916666666666668 0.06041666666666667 0.18469694444444446 0.3425052677029361 2 0.04792388888888889 0.3930200345423144 2 0 0 0 0 0 0 0 0 0 0 0 0
0 0.2677083333333333 0.3 0.2552083333333333 0.09791666666666667 0.267365462962963 0.2556731433506045 2 0.23501998799725649 0.26138579064661754 2 0.18592666666666666 0.2797370898100172 2 0.19234666666666664 0.3248714594127806 2 0.32655166666666663 0.3221560017271157 2 0.3141999074074074 0.28271398963730565 2
1 0.38645833333333335 0.415625 0.13645833333333332 0.07708333333333334 0.4258045105820106 0.4071525047461414 2 0.33302592592592595 0.43541364421416234 2 0 0 0 0 0 0 0 0 0 0 0 0
7 0.40208333333333335 0.36041666666666666 0.175 0.07916666666666666 0.4344799074074074 0.39920155440414506 2 0.3343461111111111 0.32284749568221066 2 0 0 0 0 0 0 0 0 0 0 0 0