5 0.47291666666666665 0.39791666666666664 0.7791666666666667 0.7302083333333333 0 0 0 0 0 0 0 0 0 0 0 0 0 0 0 0 0 0
2 0.6760416666666667 0.5864583333333333 0.1 0.13854166666666667 0.6476055555555555 0.6405592400690846 2 0.6854202777777778 0.5258679188255613 2 0 0 0 0 0 0 0 0 0 0 0 0
10 0.5625 0.4322916666666667 0.11875 0.15520833333333334 0.5643446296296297 0.4878258203799654 2 0.5758824074074074 0.36629533678756476 2 0 0 0 0 0 0 0 0 0 0 0 0
4 0.5010416666666667 0.5947916666666667 0.14895833333333333 0.165625 0.4614619444444444 0.6489502590673575 2 0.5385379629629629 0.5202176597582038 2 0 0 0 0 0 0 0 0 0 0 0 0
8 0.7083333333333334 0.4270833333333333 0.11041666666666666 0.153125 0.696922037037037 0.48958842832469773 2 0.7194914814814815 0.3570440846286701 2 0 0 0 0 0 0 0 0 0 0 0 0
9 0.459375 0.21979166666666666 0.08125 0.11458333333333333 0.46802666666666665 0.27871666666666667 2 0.48878749999999993 0.16740064766839377 2 0 0 0 0 0 0 0 0 0 0 0 0
6 0.596875 0.25625 0.2677083333333333 0.18645833333333334 0.4788230555555556 0.16767694300518135 2 0.7169235185185184 0.17484516407599307 2 0.7000506481481481 0.33294201208981 2 0.5032190740740741 0.33287456822107075 2 0 0 0 0 0 0
0 0.5916666666666667 0.096875 0.278125 0.12291666666666666 0.6556712037037037 0.051948402417961996 2 0.5559125960219479 0.04907193736806755 2 0.5066369444444444 0.08196208981001726 2 0.5302553703703704 0.14080038860103627 2 0.6346028703703703 0.14978173575129533 2 0.6820202777777777 0.09880319516407599 2
3 0.3541666666666667 0.2635416666666667 0.26458333333333334 0.09375 0.47578490740740736 0.28968825561312606 2 0.2694047222222222 0.22188549222797926 2 0 0 0 0 0 0 0 0 0 0 0 0
1 0.8020833333333334 0.3260416666666667 0.10833333333333334 0.08958333333333333 0.7785553703703703 0.2825538428324697 2 0.8131510185185183 0.36167387737478407 2 0 0 0 0 0 0 0 0 0 0 0 0
7 0.75 0.23020833333333332 0.09479166666666666 0.1125 0.7413375 0.18529378238341968 2 0.7565104629629629 0.2757481865284974 2 0 0 0 0 0 0 0 0 0 0 0 0