5 0.50625 0.371875 0.4479166666666667 0.6229166666666667 0 0 0 0 0 0 0 0 0 0 0 0 0 0 0 0 0 0
2 0.58125 0.5479166666666667 0.05416666666666667 0.096875 0.5798341666666667 0.5842455094991365 2 0.5856948148148148 0.5020598013816926 2 0 0 0 0 0 0 0 0 0 0 0 0
10 0.4270833333333333 0.44479166666666664 0.0625 0.125 0.42427351851851847 0.49442564766839375 2 0.4214559259259259 0.39129723661485316 2 0 0 0 0 0 0 0 0 0 0 0 0
8 0.5947916666666667 0.4395833333333333 0.07291666666666667 0.11458333333333333 0.5871170370370371 0.48910816062176166 2 0.596861574074074 0.3879307858376511 2 0 0 0 0 0 0 0 0 0 0 0 0
6 0.5135416666666667 0.2604166666666667 0.215625 0.11979166666666667 0.4210227777777778 0.20941964594127807 2 0.6113258333333333 0.20661139896373057 2 0.5802233333333333 0.3090374352331606 2 0.4145702777777778 0.32132124352331604 2 0 0 0 0 0 0
3 0.37604166666666666 0.33541666666666664 0.08125 0.06979166666666667 0.3707038888888889 0.3673114421416235 2 0.3847405555555555 0.3059631260794473 2 0 0 0 0 0 0 0 0 0 0 0 0
7 0.61875 0.25 0.07395833333333333 0.09479166666666666 0.6073347222222222 0.20859762521588945 2 0.6237521296296296 0.2794250431778929 2 0 0 0 0 0 0 0 0 0 0 0 0
1 0.6291666666666667 0.3385416666666667 0.075 0.075 0.6296115740740741 0.36694460276338514 2 0.6422478703703703 0.30831787564766844 2 0 0 0 0 0 0 0 0 0 0 0 0
0 0.48541666666666666 0.15520833333333334 0.16666666666666666 0.07395833333333333 0.49689648148148147 0.12474900690846286 2 0.4491473148148148 0.14622862694300517 2 0.4645111111111111 0.17765198618307426 2 0.5056885185185185 0.17653842832469774 2 0.5309001851851851 0.15572145941278062 2 0.5292226851851852 0.13805185664939548 2
9 0.3958333333333333 0.253125 0.08645833333333333 0.08020833333333334 0.4226035185185185 0.21909365284974092 2 0.39851999999999993 0.28989632987910186 2 0 0 0 0 0 0 0 0 0 0 0 0
4 0.41875 0.5489583333333333 0.06145833333333333 0.11875 0.4227330555555555 0.6011215889464593 2 0.4171323148148148 0.49862409326424867 2 0 0 0 0 0 0 0 0 0 0 0 0